325;260
325;261
325;262
325;263
325;264
326;265
325;266
325;267
325;268
324;269
324;270
324;271
324;272
324;273
324;274
323;275
323;276
322;277
322;278
322;279
321;280
321;281
321;282
320;283
320;284
320;285
319;286
319;287
318;288
318;289
318;290
317;291
317;292
317;293
316;294
316;295
315;296
315;297
314;298
314;299
313;300
313;301
312;302
312;303
312;304
311;305
311;306
310;307
310;308
309;309
309;310
308;311
307;312
307;313
307;314
306;315
306;316
305;317
305;318
304;319
304;320
303;321
303;322
302;323
301;324
301;325
301;326
300;327
300;328
299;329
299;330
298;331
298;332
297;333
297;334
296;335
295;336
294;337
294;338
293;339
292;340
291;341
291;342
291;343
290;344
289;345
289;346
288;347
287;348
287;349
