324;248
324;249
324;250
324;251
324;252
324;253
323;254
322;255
322;256
322;257
322;258
322;259
321;260
321;261
321;262
321;263
320;264
320;265
319;266
319;267
319;268
319;269
319;270
319;271
318;272
318;273
318;274
318;275
318;276
318;277
317;278
317;279
317;280
316;281
316;282
316;283
315;284
315;285
315;286
315;287
314;288
313;289
313;290
313;291
313;292
313;293
312;294
312;295
312;296
311;297
310;298
310;299
310;300
310;301
310;302
309;303
308;304
308;305
307;306
307;307
306;308
306;309
305;310
304;311
304;312
304;313
304;314
303;315
302;316
302;317
301;318
301;319
300;320
299;321
299;322
298;323
298;324
298;325
297;326
