336;215
335;216
335;217
334;218
334;219
333;220
333;221
332;222
332;223
332;224
331;225
331;226
331;227
331;228
331;229
330;230
330;231
330;232
330;233
330;234
329;235
328;236
328;237
328;238
328;239
328;240
328;241
328;242
327;243
327;244
327;245
326;246
326;247
326;248
326;249
325;250
325;251
324;252
324;253
324;254
324;255
323;256
323;257
323;258
323;259
322;260
322;261
322;262
322;263
322;264
321;265
321;266
321;267
321;268
320;269
320;270
319;271
319;272
319;273
318;274
318;275
318;276
318;277
318;278
318;279
318;280
317;281
317;282
316;283
316;284
315;285
315;286
315;287
315;288
314;289
314;290
313;291
313;292
313;293
312;294
312;295
312;296
311;297
311;298
311;299
310;300
310;301
309;302
308;303
308;304
308;305
308;306
307;307
307;308
306;309
305;310
305;311
