304;268
303;269
302;270
301;271
300;272
299;273
298;274
298;275
297;276
297;277
296;278
296;279
295;280
295;281
295;282
295;283
294;284
294;285
293;286
292;287
291;288
290;289
289;290
289;291
288;292
288;293
287;294
287;295
286;296
285;297
285;298
284;299
283;300
282;301
282;302
281;303
280;304
279;305
279;306
278;307
277;308
276;309
275;310
274;311
273;312
272;313
271;314
271;315
270;316
269;317
268;318
266;319
267;319
265;320
265;321
263;322
264;322
262;323
262;324
261;325
260;326
258;327
259;327
257;328
256;329
254;330
255;330
253;331
252;332
250;333
251;333
249;334
248;335
247;336
