327;265
327;266
328;267
328;268
328;269
329;270
329;271
329;272
328;273
328;274
328;275
327;276
327;277
326;278
326;279
326;280
325;281
325;282
325;283
324;284
324;285
324;286
323;287
323;288
322;289
322;290
322;291
321;292
321;293
321;294
320;295
320;296
319;297
318;298
318;299
317;300
317;301
317;302
316;303
316;304
316;305
315;306
315;307
315;308
314;309
313;310
313;311
312;312
311;313
311;314
310;315
309;316
309;317
309;318
308;319
308;320
307;321
307;322
306;323
306;324
305;325
304;326
304;327
303;328
303;329
302;330
302;331
301;332
300;333
299;334
299;335
298;336
298;337
297;338
297;339
296;340
295;341
295;342
294;343
294;344
293;345
293;346
292;347
291;348
290;349
290;350
289;351
