319;276
319;277
319;278
319;279
319;280
319;281
319;282
319;283
319;284
318;285
318;286
317;287
317;288
316;289
316;290
315;291
314;292
314;293
314;294
313;295
313;296
313;297
312;298
312;299
312;300
311;301
310;302
310;303
309;304
309;305
308;306
308;307
307;308
307;309
306;310
306;311
305;312
305;313
304;314
303;315
303;316
302;317
301;318
301;319
300;320
299;321
299;322
299;323
298;324
297;325
297;326
296;327
295;328
294;329
294;330
293;331
292;332
292;333
292;334
291;335
291;336
290;337
290;338
289;339
288;340
287;341
286;342
286;343
285;344
284;345
284;346
284;347
283;348
283;349
282;350
282;351
281;352
281;353
280;354
279;355
278;356
