323;218
323;219
323;220
323;221
323;222
323;223
323;224
323;225
322;226
322;227
322;228
321;229
321;230
320;231
319;232
318;233
317;234
317;235
317;236
317;237
316;238
315;239
314;240
313;241
313;242
312;243
312;244
311;245
310;246
310;247
309;248
309;249
308;250
307;251
306;252
306;253
306;254
305;255
304;256
304;257
303;258
302;259
301;260
301;261
300;262
299;263
298;264
297;265
296;266
295;267
295;268
294;269
293;270
292;271
292;272
291;273
291;274
290;275
290;276
289;277
288;278
287;279
286;280
285;281
284;282
284;283
283;284
282;285
281;286
281;287
280;288
279;289
279;290
279;291
278;292
277;293
276;294
275;295
274;296
273;297
272;298
