341;211
342;211
343;211
347;211
335;212
336;212
337;212
338;212
339;212
340;212
344;212
345;212
346;212
348;212
349;212
350;212
351;212
352;212
353;212
354;212
355;212
356;212
357;212
358;212
359;212
360;212
331;213
332;213
333;213
334;213
361;213
362;213
363;213
364;213
365;213
366;213
367;213
329;214
330;214
368;214
369;214
370;214
371;214
328;215
372;215
327;216
373;216
374;216
325;217
326;217
375;217
376;217
324;218
323;219
322;220
321;221
320;222
319;223
319;224
319;225
318;226
318;227
317;228
316;229
316;230
315;231
314;232
314;233
314;234
314;235
314;236
314;237
313;238
312;239
312;240
