326;234
326;235
326;236
326;237
326;238
326;239
326;240
326;241
326;242
326;243
326;244
326;245
326;246
326;247
326;248
326;249
325;250
325;251
325;252
324;253
324;254
324;255
323;256
323;257
323;258
323;259
323;260
322;261
322;262
321;263
321;264
321;265
321;266
320;267
319;268
319;269
319;270
319;271
319;272
318;273
318;274
318;275
318;276
317;277
317;278
317;279
317;280
317;281
317;282
316;283
315;284
315;285
315;286
314;287
314;288
314;289
313;290
313;291
313;292
312;293
312;294
311;295
311;296
310;297
310;298
310;299
310;300
309;301
309;302
308;303
308;304
307;305
307;306
306;307
306;308
305;309
305;310
305;311
304;312
304;313
303;314
303;315
302;316
301;317
301;318
300;319
299;320
299;321
298;322
297;323
297;324
296;325
295;326
295;327
