325;247
325;248
324;249
324;250
324;251
324;252
324;253
324;254
323;255
323;256
323;257
322;258
322;259
322;260
322;261
322;262
321;263
321;264
321;265
320;266
320;267
320;268
320;269
320;270
320;271
319;272
319;273
319;274
319;275
318;276
318;277
318;278
317;279
317;280
317;281
317;282
316;283
316;284
316;285
315;286
314;287
314;288
313;289
313;290
313;291
312;292
312;293
312;294
312;295
312;296
312;297
311;298
311;299
310;300
309;301
309;302
308;303
308;304
308;305
307;306
307;307
307;308
306;309
306;310
305;311
305;312
304;313
303;314
303;315
303;316
303;317
302;318
302;319
301;320
300;321
300;322
299;323
298;324
298;325
298;326
297;327
296;328
295;329
295;330
295;331
294;332
294;333
293;334
