365;193
366;193
367;193
368;193
369;193
364;194
363;195
362;196
361;197
359;198
360;198
358;199
357;200
356;201
355;202
354;203
353;204
351;205
352;205
350;206
349;207
348;208
347;209
346;210
345;211
345;212
344;213
343;214
342;215
342;216
341;217
340;218
340;219
339;220
338;221
337;222
337;223
337;224
336;225
336;226
335;227
334;228
334;229
333;230
333;231
333;232
332;233
332;234
331;235
331;236
330;237
330;238
330;239
330;240
329;241
329;242
328;243
328;244
327;245
327;246
327;247
327;248
326;249
326;250
326;251
326;252
326;253
325;254
325;255
324;256
324;257
324;258
324;259
323;260
322;261
322;262
322;263
322;264
322;265
