362;197
363;197
364;197
365;197
366;197
361;198
360;199
359;200
358;201
357;202
356;203
355;204
354;205
353;206
352;207
351;208
351;209
350;210
349;211
349;212
349;213
348;214
348;215
347;216
346;217
345;218
345;219
345;220
345;221
344;222
344;223
343;224
342;225
342;226
341;227
341;228
341;229
341;230
340;231
339;232
339;233
338;234
338;235
338;236
338;237
337;238
336;239
336;240
336;241
336;242
336;243
336;244
336;245
335;246
334;247
334;248
334;249
334;250
334;251
333;252
333;253
333;254
332;255
332;256
331;257
331;258
330;259
330;260
330;261
330;262
330;263
330;264
330;265
330;266
329;267
329;268
328;269
328;270
328;271
328;272
328;273
327;274
327;275
327;276
327;277
326;278
326;279
326;280
325;281
