335;202
334;203
333;204
332;205
331;206
331;207
330;208
330;209
329;210
329;211
329;212
328;213
328;214
327;215
326;216
326;217
325;218
325;219
324;220
324;221
323;222
323;223
322;224
322;225
321;226
320;227
319;228
319;229
318;230
318;231
317;232
317;233
316;234
315;235
315;236
315;237
314;238
314;239
313;240
313;241
312;242
311;243
311;244
310;245
309;246
309;247
308;248
307;249
307;250
306;251
305;252
305;253
304;254
304;255
304;256
303;257
302;258
301;259
301;260
300;261
300;262
299;263
298;264
297;265
296;266
296;267
296;268
295;269
294;270
294;271
293;272
292;273
291;274
291;275
290;276
290;277
289;278
288;279
