398;173
399;173
400;173
401;173
395;174
396;174
397;174
402;174
403;174
404;174
394;175
405;175
406;175
394;176
407;176
393;177
408;177
392;178
408;178
391;179
409;179
390;180
410;180
389;181
411;181
388;182
411;182
387;183
412;183
386;184
385;185
384;186
383;187
382;188
380;189
381;189
378;190
379;190
375;191
376;191
377;191
371;192
372;192
373;192
374;192
369;193
370;193
367;194
368;194
366;195
364;196
365;196
363;197
361;198
362;198
360;199
359;200
358;201
357;202
356;203
355;204
355;205
354;206
354;207
353;208
352;209
352;210
351;211
