301;296
301;297
301;298
302;299
302;300
302;301
301;302
301;303
301;304
301;305
300;306
300;307
300;308
299;309
299;310
298;311
298;312
297;313
297;314
296;315
296;316
295;317
295;318
294;319
294;320
294;321
293;322
293;323
292;324
291;325
290;326
290;327
290;328
289;329
289;330
289;331
288;332
287;333
287;334
286;335
285;336
285;337
284;338
283;339
283;340
283;341
282;342
282;343
281;344
280;345
279;346
279;347
278;348
278;349
277;350
276;351
275;352
275;353
274;354
274;355
273;356
273;357
272;358
271;359
271;360
270;361
270;362
269;363
268;364
268;365
267;366
266;367
265;368
264;369
264;370
263;371
262;372
261;373
261;374
260;375
259;376
258;377
257;378
