337;195
338;195
339;195
341;195
343;195
344;195
345;195
349;195
336;196
340;196
342;196
346;196
347;196
348;196
350;196
351;196
352;196
353;196
354;196
355;196
334;197
335;197
356;197
357;197
331;198
332;198
333;198
358;198
359;198
360;198
361;198
329;199
330;199
362;199
363;199
364;199
365;199
366;199
367;199
368;199
369;199
370;199
371;199
328;200
325;201
327;201
323;202
324;202
326;202
322;203
325;203
321;204
320;205
320;206
319;207
318;208
318;209
317;210
317;211
316;212
316;213
315;214
315;215
314;216
314;217
313;218
312;219
312;220
312;221
312;222
311;223
311;224
310;225
310;226
309;227
309;228
309;229
308;230
308;231
307;232
307;233
306;234
306;235
305;236
304;237
