276;313
275;314
274;315
273;316
272;317
271;318
270;319
269;320
268;321
267;322
267;323
266;324
265;325
264;326
263;327
262;328
261;329
260;330
259;331
258;332
256;333
257;333
255;334
253;335
254;335
252;336
251;337
250;338
249;339
248;340
246;341
247;341
244;342
245;342
242;343
243;343
240;344
241;344
239;345
237;346
238;346
236;347
234;348
235;348
232;349
233;349
230;350
231;350
226;351
227;351
228;351
229;351
224;352
225;352
222;353
223;353
219;354
220;354
221;354
213;355
214;355
215;355
216;355
217;355
218;355
188;356
190;356
205;356
206;356
207;356
208;356
209;356
210;356
211;356
212;356
189;357
191;357
192;357
193;357
194;357
195;357
196;357
197;357
198;357
199;357
200;357
201;357
202;357
203;357
204;357
