321;249
321;250
321;251
322;252
322;253
322;254
322;255
322;256
322;257
322;258
322;259
322;260
322;261
322;262
321;263
321;264
321;265
321;266
320;267
320;268
320;269
319;270
319;271
319;272
319;273
318;274
318;275
318;276
318;277
318;278
317;279
317;280
317;281
317;282
316;283
315;284
315;285
315;286
315;287
315;288
314;289
313;290
313;291
313;292
313;293
313;294
312;295
312;296
312;297
311;298
311;299
311;300
310;301
310;302
310;303
309;304
308;305
308;306
308;307
307;308
307;309
307;310
306;311
306;312
305;313
305;314
304;315
304;316
303;317
303;318
303;319
302;320
301;321
301;322
300;323
300;324
299;325
299;326
298;327
297;328
297;329
297;330
296;331
296;332
295;333
294;334
293;335
292;336
292;337
291;338
