322;268
323;268
324;268
325;268
326;268
327;268
328;268
329;268
330;268
331;268
332;268
319;269
320;269
321;269
333;269
334;269
335;269
317;270
318;270
336;270
337;270
315;271
316;271
314;272
314;273
313;274
312;275
311;276
310;277
309;278
309;279
308;280
307;281
307;282
306;283
306;284
305;285
305;286
304;287
303;288
303;289
302;290
302;291
302;292
302;293
302;294
301;295
300;296
300;297
300;298
300;299
299;300
299;301
298;302
298;303
297;304
297;305
296;306
296;307
296;308
295;309
295;310
294;311
294;312
293;313
293;314
293;315
292;316
292;317
291;318
290;319
290;320
289;321
288;322
288;323
287;324
287;325
286;326
286;327
285;328
285;329
