326;273
326;274
327;275
327;276
327;277
327;278
327;279
319;297
319;298
318;299
318;300
317;301
316;302
315;303
315;304
314;305
313;306
313;307
313;308
312;309
312;310
311;311
311;312
310;313
310;314
310;315
309;316
308;317
307;318
306;319
306;320
306;321
305;322
305;323
304;324
303;325
302;326
301;327
301;328
300;329
299;330
299;331
298;332
298;333
297;334
296;335
296;336
295;337
295;338
294;339
294;340
293;341
293;342
292;343
291;344
290;345
289;346
289;347
288;348
288;349
287;350
287;351
286;352
285;353
285;354
284;355
