338;225
339;225
346;225
347;225
348;225
349;225
350;225
351;225
352;225
353;225
356;225
333;226
334;226
335;226
336;226
337;226
340;226
341;226
342;226
343;226
344;226
345;226
354;226
355;226
357;226
358;226
359;226
360;226
361;226
330;227
331;227
332;227
362;227
363;227
364;227
365;227
366;227
367;227
368;227
328;228
329;228
369;228
370;228
371;228
372;228
327;229
373;229
326;230
374;230
325;231
375;231
324;232
323;233
322;234
321;235
320;236
320;237
319;238
319;239
318;240
317;241
317;242
316;243
316;244
316;245
315;246
314;247
314;248
314;249
