325;255
325;256
325;257
325;258
325;259
326;260
325;261
325;262
325;263
325;264
325;265
325;266
325;267
324;268
324;269
324;270
323;271
323;272
323;273
323;274
323;275
322;276
322;277
321;278
321;279
321;280
320;281
320;282
320;283
319;284
319;285
319;286
318;287
318;288
318;289
318;290
317;291
317;292
317;293
316;294
316;295
316;296
315;297
315;298
315;299
314;300
314;301
314;302
313;303
313;304
312;305
312;306
311;307
310;308
310;309
309;310
309;311
308;312
308;313
308;314
308;315
308;316
307;317
306;318
305;319
305;320
304;321
304;322
304;323
304;324
303;325
302;326
301;327
301;328
300;329
300;330
299;331
298;332
297;333
297;334
296;335
296;336
296;337
295;338
295;339
294;340
293;341
292;342
291;343
291;344
