396;172
397;172
398;172
399;172
400;172
394;173
395;173
401;173
402;173
393;174
403;174
392;175
404;175
390;176
391;176
405;176
389;177
406;177
389;178
406;178
388;179
407;179
388;180
407;180
387;181
408;181
386;182
408;182
385;183
408;183
384;184
383;185
382;186
381;187
379;188
380;188
378;189
376;190
377;190
374;191
375;191
371;192
372;192
373;192
368;193
369;193
370;193
366;194
367;194
364;195
365;195
363;196
361;197
362;197
360;198
359;199
358;200
357;201
356;202
355;203
355;204
354;205
353;206
353;207
352;208
352;209
351;210
351;211
351;212
