306;295
306;296
306;297
306;298
306;299
306;300
306;301
306;302
306;303
305;304
305;305
305;306
304;307
303;308
303;309
302;310
302;311
301;312
301;313
301;314
300;315
300;316
299;317
299;318
298;319
298;320
297;321
297;322
296;323
296;324
295;325
295;326
294;327
294;328
293;329
293;330
293;331
292;332
292;333
291;334
290;335
289;336
289;337
288;338
288;339
288;340
287;341
286;342
285;343
285;344
284;345
283;346
282;347
282;348
281;349
281;350
280;351
279;352
278;353
278;354
277;355
276;356
276;357
275;358
275;359
274;360
273;361
273;362
272;363
271;364
271;365
270;366
269;367
269;368
268;369
267;370
267;371
