335;196
336;196
331;197
332;197
333;197
334;197
330;198
329;199
328;200
327;201
326;202
326;203
326;204
325;205
324;206
324;207
323;208
323;209
322;210
321;211
320;212
320;213
320;214
320;215
319;216
319;217
318;218
317;219
316;220
315;221
315;222
315;223
314;224
313;225
313;226
313;227
312;228
312;229
311;230
310;231
310;232
309;233
309;234
308;235
308;236
308;237
307;238
307;239
306;240
306;241
305;242
304;243
304;244
303;245
302;246
302;247
301;248
301;249
300;250
299;251
299;252
298;253
297;254
296;255
296;256
295;257
294;258
293;259
293;260
292;261
292;262
291;263
