350;176
351;176
352;176
353;176
354;176
355;176
356;176
357;176
358;176
359;176
360;176
361;176
362;176
363;176
364;176
345;177
346;177
347;177
348;177
349;177
365;177
366;177
367;177
368;177
369;177
370;177
340;178
341;178
342;178
343;178
344;178
371;178
372;178
373;178
374;178
338;179
339;179
337;180
335;181
336;181
334;182
333;183
332;184
331;185
330;186
329;187
328;188
328;189
327;190
327;191
327;192
326;193
326;194
325;195
325;196
325;197
324;198
324;199
324;200
323;201
323;202
322;203
322;204
321;205
321;206
321;207
320;208
320;209
320;210
