325;236
325;237
325;238
326;239
326;240
325;241
325;242
325;243
325;244
325;245
325;246
325;247
324;248
324;249
324;250
323;251
323;252
323;253
323;254
323;255
323;256
323;257
322;258
322;259
322;260
322;261
321;262
321;263
320;264
320;265
320;266
320;267
319;268
319;269
319;270
319;271
319;272
319;273
318;274
318;275
318;276
317;277
317;278
317;279
317;280
317;281
316;282
316;283
316;284
316;285
315;286
315;287
314;288
314;289
313;290
313;291
312;292
312;293
312;294
312;295
311;296
311;297
311;298
310;299
310;300
309;301
309;302
308;303
308;304
307;305
307;306
307;307
307;308
307;309
306;310
305;311
304;312
303;313
303;314
302;315
302;316
302;317
302;318
301;319
300;320
300;321
299;322
298;323
298;324
297;325
297;326
297;327
296;328
