312;225
312;226
312;227
312;228
312;229
312;230
312;231
312;232
312;233
311;234
311;235
311;236
310;237
309;238
309;239
308;240
308;241
308;242
307;243
307;244
306;245
306;246
305;247
304;248
304;249
303;250
302;251
302;252
301;253
301;254
300;255
300;256
299;257
298;258
297;259
297;260
296;261
296;262
296;263
295;264
294;265
294;266
293;267
292;268
292;269
291;270
290;271
289;272
289;273
288;274
287;275
286;276
285;277
285;278
284;279
283;280
282;281
282;282
281;283
281;284
280;285
280;286
279;287
278;288
277;289
277;290
276;291
275;292
274;293
274;294
273;295
272;296
271;297
270;298
269;299
269;300
268;301
