346;233
347;233
348;233
349;233
350;233
351;233
334;234
335;234
336;234
337;234
338;234
339;234
340;234
341;234
342;234
343;234
344;234
345;234
352;234
353;234
354;234
355;234
356;234
357;234
358;234
359;234
360;234
361;234
331;235
332;235
333;235
362;235
363;235
364;235
365;235
366;235
367;235
368;235
369;235
328;236
329;236
330;236
327;237
325;238
326;238
324;239
324;240
323;241
322;242
321;243
320;244
319;245
318;246
318;247
318;248
317;249
316;250
316;251
316;252
315;253
315;254
314;255
313;256
313;257
312;258
311;259
311;260
311;261
310;262
309;263
309;264
