331;199
332;199
333;199
334;199
335;199
336;199
337;199
338;199
339;199
340;199
341;199
342;199
343;199
344;199
345;199
346;199
347;199
348;199
349;199
327;200
328;200
329;200
330;200
350;200
351;200
352;200
353;200
354;200
355;200
356;200
358;200
326;201
357;201
359;201
360;201
361;201
362;201
363;201
324;202
325;202
364;202
365;202
366;202
367;202
323;203
368;203
369;203
322;204
320;205
321;205
318;206
319;206
317;207
316;208
314;209
315;209
313;210
312;211
312;212
311;213
311;214
310;215
309;216
309;217
309;218
308;219
308;220
307;221
307;222
306;223
306;224
305;225
305;226
304;227
304;228
304;229
303;230
303;231
