318;277
319;277
320;277
314;278
315;278
316;278
317;278
312;279
313;279
311;280
309;281
310;281
308;282
307;283
306;284
305;285
304;286
304;287
303;288
302;289
302;290
302;291
301;292
301;293
300;294
300;295
300;296
299;297
299;298
298;299
298;300
298;301
298;302
297;303
297;304
296;305
296;306
296;307
296;308
296;309
295;310
294;311
294;312
293;313
293;314
293;315
293;316
292;317
292;318
291;319
291;320
291;321
290;322
290;323
289;324
289;325
288;326
288;327
287;328
286;329
286;330
286;331
285;332
284;333
283;334
283;335
282;336
282;337
281;338
280;339
280;340
279;341
279;342
278;343
277;344
277;345
276;346
276;347
275;348
275;349
274;350
273;351
273;352
