334;203
332;204
333;204
331;205
330;206
329;207
329;208
328;209
327;210
326;211
326;212
326;213
325;214
324;215
323;216
323;217
323;218
323;219
323;220
322;221
321;222
320;223
320;224
319;225
319;226
319;227
318;228
317;229
317;230
317;231
316;232
316;233
315;234
315;235
314;236
313;237
312;238
312;239
312;240
312;241
311;242
310;243
310;244
309;245
308;246
308;247
307;248
307;249
307;250
306;251
305;252
305;253
304;254
303;255
302;256
302;257
302;258
301;259
300;260
299;261
299;262
298;263
298;264
297;265
296;266
295;267
294;268
294;269
294;270
293;271
293;272
292;273
291;274
290;275
290;276
289;277
288;278
288;279
287;280
286;281
286;282
