328;263
331;263
332;263
333;263
335;263
324;264
325;264
326;264
327;264
329;264
330;264
334;264
336;264
337;264
338;264
339;264
340;264
322;265
323;265
341;265
342;265
343;265
344;265
345;265
346;265
347;265
321;266
320;267
319;268
318;269
317;270
316;271
315;272
314;273
313;274
312;275
312;276
312;277
311;278
310;279
309;280
309;281
308;282
308;283
307;284
307;285
306;286
306;287
306;288
306;289
305;290
305;291
304;292
304;293
304;294
303;295
303;296
303;297
303;298
302;299
302;300
301;301
301;302
300;303
300;304
299;305
299;306
299;307
298;308
297;309
297;310
296;311
296;312
296;313
295;314
295;315
294;316
294;317
293;318
293;319
292;320
291;321
291;322
