365;39
366;39
367;39
368;39
369;39
370;39
371;39
372;39
373;39
374;39
363;40
364;40
375;40
376;40
377;40
378;40
361;41
362;41
379;41
380;41
381;41
360;42
382;42
359;43
383;43
384;43
358;44
385;44
357;45
386;45
387;45
357;46
388;46
357;47
388;47
356;48
389;48
355;49
389;49
354;50
390;50
354;51
390;51
354;52
353;53
352;54
352;55
351;56
351;57
351;58
350;59
350;60
350;61
349;62
349;63
348;64
348;65
347;66
346;67
346;68
345;69
345;70
344;71
344;72
344;73
343;74
342;75
341;76
340;77
340;78
339;79
339;80
338;81
337;82
337;83
336;84
335;85
334;86
333;87
332;88
332;89
332;90
331;91
330;92
330;93
329;94
329;95
328;96
327;97
327;98
326;99
326;100
325;101
325;102
324;103
324;104
323;105
323;106
322;107
322;108
321;109
321;110
321;111
321;112
321;113
320;114
320;115
320;116
320;117
320;118
319;119
319;120
318;121
318;122
318;123
318;124
318;125
317;126
317;127
317;128
317;129
317;130
317;131
317;132
317;133
317;134
317;135
317;136
317;137
317;138
317;139
316;140
316;141
316;142
316;143
316;144
316;145
