367;37
363;38
364;38
365;38
366;38
368;38
369;38
370;38
371;38
361;39
362;39
372;39
373;39
374;39
360;40
375;40
359;41
376;41
377;41
358;42
378;42
357;43
379;43
357;44
380;44
356;45
381;45
356;46
381;46
355;47
382;47
354;48
383;48
354;49
384;49
354;50
384;50
353;51
384;51
353;52
385;52
352;53
385;53
352;54
385;54
351;55
385;55
351;56
385;56
350;57
385;57
350;58
385;58
349;59
385;59
348;60
348;61
347;62
346;63
345;64
345;65
344;66
343;67
342;68
341;69
339;70
340;70
338;71
337;72
336;73
335;74
333;75
334;75
332;76
331;77
330;78
328;79
329;79
327;80
326;81
326;82
325;83
324;84
323;85
322;86
321;87
320;88
320;89
320;90
319;91
319;92
319;93
318;94
318;95
318;96
318;97
318;98
318;99
318;100
318;101
318;102
318;103
318;104
318;105
318;106
318;107
318;108
318;109
318;110
318;111
318;112
318;113
319;114
319;115
319;116
320;117
320;118
320;119
320;120
320;121
321;122
321;123
321;124
321;125
322;126
322;127
322;128
322;129
322;130
323;131
323;132
323;133
