360;39
361;39
362;39
363;39
364;39
365;39
366;39
367;39
358;40
359;40
368;40
357;41
369;41
370;41
356;42
371;42
355;43
372;43
355;44
373;44
354;45
374;45
353;46
375;46
353;47
376;47
352;48
377;48
352;49
378;49
352;50
379;50
351;51
379;51
351;52
379;52
350;53
379;53
350;54
380;54
350;55
380;55
349;56
380;56
349;57
380;57
348;58
380;58
347;59
380;59
346;60
381;60
346;61
381;61
346;62
381;62
345;63
380;63
345;64
344;65
343;66
342;67
341;68
340;69
339;70
338;71
337;72
335;73
336;73
334;74
332;75
333;75
331;76
328;77
329;77
330;77
327;78
326;79
325;80
324;81
323;82
322;83
321;84
320;85
319;86
318;87
317;88
317;89
317;90
316;91
316;92
315;93
315;94
315;95
315;96
315;97
315;98
315;99
315;100
315;101
315;102
315;103
315;104
315;105
315;106
315;107
316;108
316;109
316;110
316;111
317;112
317;113
317;114
317;115
317;116
318;117
318;118
318;119
319;120
319;121
319;122
319;123
319;124
319;125
320;126
320;127
320;128
321;129
321;130
321;131
321;132
