365;39
360;40
361;40
362;40
363;40
364;40
366;40
367;40
368;40
369;40
370;40
371;40
358;41
359;41
372;41
373;41
374;41
357;42
375;42
376;42
356;43
377;43
355;44
378;44
379;44
353;45
354;45
380;45
352;46
381;46
352;47
382;47
351;48
350;49
350;50
349;51
349;52
349;53
348;54
348;55
347;56
347;57
346;58
346;59
345;60
345;61
344;62
344;63
344;64
343;65
343;66
342;67
342;68
341;69
341;70
341;71
340;72
340;73
339;74
339;75
338;76
337;77
337;78
336;79
335;80
335;81
334;82
334;83
333;84
332;85
332;86
331;87
331;88
330;89
330;90
329;91
328;92
327;93
326;94
326;95
326;96
325;97
325;98
324;99
324;100
323;101
323;102
323;103
322;104
322;105
321;106
321;107
320;108
320;109
319;110
319;111
319;112
318;113
318;114
318;115
317;116
317;117
316;118
316;119
316;120
316;121
315;122
315;123
315;124
315;125
315;126
315;127
314;128
314;129
314;130
314;131
314;132
314;133
314;134
314;135
314;136
314;137
313;138
314;139
314;140
313;141
313;142
313;143
313;144
312;145
311;146
311;147
311;148
310;149
310;150
310;151
310;152
310;153
310;154
