368;37
369;37
370;37
371;37
372;37
373;37
374;37
375;37
376;37
377;37
378;37
379;37
367;38
380;38
366;39
381;39
382;39
365;40
383;40
364;41
384;41
364;42
385;42
363;43
386;43
363;44
387;44
388;44
362;45
389;45
362;46
389;46
362;47
390;47
361;48
391;48
361;49
391;49
361;50
392;50
360;51
392;51
359;52
392;52
358;53
393;53
358;54
393;54
357;55
393;55
357;56
393;56
357;57
393;57
356;58
356;59
355;60
354;61
354;62
353;63
352;64
352;65
351;66
350;67
349;68
348;69
347;70
346;71
345;72
344;73
342;74
343;74
341;75
340;76
339;77
339;78
337;79
338;79
336;80
336;81
335;82
334;83
334;84
333;85
332;86
332;87
331;88
331;89
330;90
330;91
329;92
329;93
328;94
328;95
328;96
328;97
327;98
327;99
327;100
327;101
327;102
327;103
327;104
327;105
327;106
327;107
327;108
327;109
327;110
327;111
327;112
327;113
327;114
327;115
327;116
327;117
327;118
327;119
328;120
328;121
328;122
328;123
328;124
328;125
329;126
329;127
329;128
330;129
330;130
330;131
330;132
330;133
330;134
330;135
330;136
