226.5;205.5
227.51999999999998;208.56
228.48000000000002;212.42000000000002
227.5;215.32
227.5;218.65999999999997
227.5;222.45
227.5;225.89999999999998
227.5;229.12
226.5;232.19
225.5;235.26999999999998
225.45;238.61
224.5;242.23000000000002
224.5;245.51
224.5;248.77999999999997
224.5;252.49
224.07999999999998;255.75
223.5;259.39
223.5;262.76
223.5;265.99
222.51;269.48
222.5;272.99
222.5;276.21
222.5;279.6
222.5;283.40999999999997
222.5;286.8
222.5;290.02
222.5;293.53
222.5;297.29
222.5;300.6
222.5;303.85
222.5;307.5
