155.5;348.5
156.52;345.47
158.4;341.69
160.74;339.26
163.56;337.47
167.32;336.5
170.57;335.5
174.05;335.5
177.51999999999998;334.5
181.42000000000002;334.5
185.07;334.5
188.39999999999998;334.05
191.76999999999998;333.5
195.51999999999998;333.5
199.26;332.62
202.39;331.5
205.62;330.44
209.40999999999997;329.5
212.56;327.97
215.57999999999998;326.42
218.23000000000002;323.77
221.06;320.94
223.5;318.5
225.5;315.5
227.5;312.5
228.5;308.90999999999997
228.5;305.40999999999997
229.5;302.22
229.5;298.48
229.5;294.58
230.5;291.5
