165.5;352.5
169.05;349.72
173.37;349.5
177.45999999999998;350.5
179.98000000000002;349.5
183.8;349.5
189.85000000000002;349.5
196.24;349.5
201.06;349.5
202.95;349.05
206.73000000000002;347.5
211.07999999999998;347.21
215.40999999999997;346.5
219.45;345.02
223.32999999999998;343.09000000000003
226.60000000000002;340.45
230.39999999999998;337.6
233.24;334.76
236.09000000000003;331.61
238.62;328.26
240.5;324.11
241.5;319.93
242.5;315.64
243.5;311.55
244.27999999999997;307.17
244.5;302.92
245.67000000000002;299.33
246.5;295.01
247.5;290.84000000000003
248.42000000000002;286.65
248.5;282.5
