251.5;151.5
251.01999999999998;154.98
250.10000000000002;158.3
248.64;162.07999999999998
248.11;165.28
246.5;168.49
246.38;171.86
245.5;175.81
244.51999999999998;179.44
244.5;183.10000000000002
243.5;186.32999999999998
242.5;189.74
241.85000000000002;193.14999999999998
241.5;196.69
240.5;199.90999999999997
240.5;203.60000000000002
239.54000000000002;207.42000000000002
239.5;211.09000000000003
239.5;214.65999999999997
239.5;218.2
238.62;222.14999999999998
238.5;225.52999999999997
238.5;229.07999999999998
238.5;232.70999999999998
237.51;236.48000000000002
237.5;240.24
237.5;243.85000000000002
237.5;247.39
237.5;250.95999999999998
237.5;254.63
237.5;258.5
