253.5;179.5
253.5;183.13
253.5;186.35000000000002
253.5;189.67000000000002
253.5;193.45
253.5;196.88
253.5;200.07
253.5;203.54000000000002
253.5;207.3
253.5;210.59000000000003
253.5;213.82999999999998
253.5;217.5
253.5;221.09000000000003
253.5;224.3
253.5;227.63
253.5;231.43
253.5;234.82
253.5;238.01999999999998
253.5;241.51999999999998
253.5;245.26999999999998
253.5;248.54000000000002
253.5;251.65999999999997
253.5;255.5
251.98000000000002;258.53
251.5;261.67
251.5;265.45
251.5;268.88
250.24;271.76
249.5;274.83
249.5;278.5
248.5;281.5
