262.5;152.5
262.5;155.99
261.52;159.48
260.46;162.62
259.5;166.31
259.18;169.82
258.5;173.16
258.38;176.62
256.5;179.86
256.5;183.35000000000002
255.5;186.70999999999998
254.54000000000002;190.39
254.5;193.92000000000002
254.29000000000002;197.14
253.5;201.10000000000002
253.01999999999998;204.45
252.5;207.81
252.5;211.52999999999997
252.5;215.45
252.5;219.14
252.5;222.67000000000002
252.5;226.15999999999997
252.40999999999997;229.69
251.5;233.45999999999998
251.5;237.18
251.5;240.72000000000003
251.5;244.2
251.5;247.76
251.5;251.51999999999998
251.5;255.41999999999996
250.5;258.5
