228.5;319.5
228.5;322.02
228.26;323.97
227.5;326.23
226.57999999999998;328.42
224.82;330.18
223.48000000000002;331.53
221.89999999999998;333.9
220.23000000000002;335.13
218.07999999999998;336.21
215.75;336.5
214.0;338.0
212.09000000000003;339.2
209.76;339.5
208.01;340.99
205.89999999999998;341.5
203.57;341.5
201.48000000000002;341.51
199.42000000000002;342.5
197.07;342.5
194.57999999999998;342.5
192.26;343.12
189.90999999999997;343.5
187.57;343.5
185.48000000000002;343.51
183.42000000000002;344.5
181.07999999999998;344.5
178.59000000000003;344.5
176.07;344.5
173.66;344.5
171.5;344.5
