256.5;172.5
254.12;174.88
252.5;177.68
252.5;181.44
253.07;184.64
254.36;188.07
254.5;191.02999999999997
254.51;194.51
255.5;197.92000000000002
256.45;201.34000000000003
256.5;204.45999999999998
256.5;207.70999999999998
256.5;211.45999999999998
256.5;214.87
256.5;218.02999999999997
256.5;221.51
256.5;225.22000000000003
256.5;228.43
256.5;231.69
256.5;235.45
256.5;238.84000000000003
256.5;242.0
256.5;245.51
256.21;248.79000000000002
254.5;251.64999999999998
254.5;254.84000000000003
254.5;258.5
254.5;262.04
252.82;264.85
252.5;267.9
252.5;271.5
