326.5;149.5
323.78;152.22
321.08;153.70999999999998
317.56;155.47
314.02;155.5
310.64;155.5
307.59000000000003;157.41
304.18;157.5
300.81;157.5
297.48;156.5
293.62;156.5
290.11;156.5
286.87;156.82
283.47;157.51999999999998
279.8;158.5
277.40999999999997;160.5
273.68;161.41
271.0;163.0
268.24;165.76
266.13;168.06
263.74;171.26
262.15999999999997;174.19
260.71;177.86
259.58;181.26999999999998
257.9;184.10000000000002
256.75;187.25
256.22;190.35000000000002
255.5;194.20999999999998
255.5;197.64
254.5;200.74
254.5;204.5
