153.5;357.5
152.74;353.03
154.24;354.48
155.5;359.5
156.97;359.38
160.84;359.05
166.48;358.58
173.28;358.02
180.60000000000002;357.40999999999997
187.82999999999998;356.81
194.35000000000002;356.26
199.52999999999997;355.83
202.75;355.56
204.45;354.55
208.97000000000003;352.77
213.5;351.5
217.47000000000003;348.52
220.57999999999998;345.35
223.29000000000002;340.71
225.0;336.51
225.5;331.55
225.5;326.85
225.5;321.62
226.5;317.28
226.5;312.0
226.5;307.38
226.84000000000003;302.49
227.5;297.48
228.45999999999998;292.59000000000003
230.5;288.40999999999997
230.5;283.5
