389.5;371.5
390.5;370.5
391.5;369.5
392.5;368.5
393.5;367.5
394.5;366.5
395.5;365.5
396.5;363.5
396.5;364.5
397.5;362.5
398.5;360.5
398.5;361.5
399.5;359.5
400.5;357.5
400.5;358.5
401.5;356.5
402.5;353.5
402.5;354.5
402.5;355.5
403.5;352.5
404.5;351.5
405.5;349.5
405.5;350.5
406.5;347.5
406.5;348.5
407.5;346.5
408.5;345.5
409.5;343.5
409.5;344.5
410.5;341.5
410.5;342.5
411.5;339.5
411.5;340.5
412.5;338.5
413.5;336.5
413.5;337.5
414.5;335.5
414.5;453.5
415.5;334.5
415.5;450.5
415.5;451.5
415.5;452.5
416.5;331.5
416.5;332.5
416.5;334.5
416.5;448.5
416.5;449.5
417.5;333.5
417.5;335.5
417.5;442.5
417.5;443.5
417.5;444.5
417.5;445.5
417.5;446.5
417.5;447.5
418.5;334.5
418.5;336.5
418.5;441.5
419.5;334.5
419.5;337.5
419.5;440.5
420.5;335.5
420.5;338.5
420.5;439.5
421.5;335.5
421.5;339.5
421.5;434.5
421.5;435.5
421.5;436.5
421.5;437.5
421.5;438.5
422.5;336.5
422.5;340.5
422.5;431.5
422.5;432.5
422.5;433.5
423.5;337.5
423.5;341.5
423.5;360.5
423.5;361.5
423.5;362.5
423.5;363.5
423.5;364.5
423.5;430.5
424.5;337.5
424.5;341.5
424.5;359.5
424.5;427.5
424.5;428.5
424.5;429.5
425.5;338.5
425.5;341.5
425.5;358.5
425.5;424.5
425.5;425.5
425.5;426.5
426.5;339.5
426.5;342.5
426.5;354.5
426.5;355.5
426.5;356.5
426.5;357.5
426.5;422.5
426.5;423.5
427.5;340.5
427.5;341.5
427.5;343.5
427.5;344.5
427.5;345.5
427.5;346.5
427.5;347.5
427.5;348.5
427.5;349.5
427.5;350.5
427.5;351.5
427.5;352.5
427.5;353.5
427.5;418.5
427.5;419.5
427.5;420.5
427.5;421.5
428.5;339.5
428.5;414.5
428.5;415.5
428.5;416.5
428.5;417.5
429.5;337.5
429.5;338.5
429.5;411.5
429.5;412.5
429.5;413.5
430.5;336.5
430.5;409.5
430.5;410.5
431.5;335.5
431.5;407.5
431.5;408.5
432.5;334.5
432.5;404.5
432.5;405.5
432.5;406.5
433.5;402.5
433.5;403.5
434.5;397.5
434.5;398.5
434.5;399.5
434.5;400.5
434.5;401.5
435.5;396.5
436.5;393.5
436.5;394.5
436.5;395.5
437.5;391.5
437.5;392.5
438.5;388.5
438.5;389.5
438.5;390.5
439.5;386.5
439.5;387.5
440.5;383.5
440.5;384.5
440.5;385.5
441.5;381.5
441.5;382.5
442.5;377.5
442.5;378.5
442.5;379.5
442.5;380.5
443.5;375.5
443.5;376.5
444.5;374.5
445.5;373.5
