173.5;137.5
173.5;134.29000000000002
174.5;131.7
175.53;129.45
176.44;127.9
178.3;124.74000000000001
180.62;120.80000000000001
182.90999999999997;116.9
184.7;113.86000000000001
185.49;112.50999999999999
187.5;110.5
189.62;108.44
192.32;106.68
195.06;104.72
197.40999999999997;102.59
199.5;100.5
202.14999999999998;99.85
204.86;97.82
207.5;96.5
210.04000000000002;94.95999999999998
212.90999999999997;93.5
215.54000000000002;92.48000000000002
218.45999999999998;91.01999999999998
221.07999999999998;88.92000000000002
223.19;86.81
225.44;84.56
226.69;82.21000000000001
228.5;79.43
229.17000000000002;76.17000000000002
229.5;73.09
228.5;70.5
