173.5;268.5
174.5;265.75
175.15;262.55
176.40999999999997;259.69
177.7;257.3
180.14;254.86
181.81;253.04000000000002
183.59000000000003;250.40999999999997
185.85000000000002;248.32
188.51999999999998;246.48000000000002
191.18;244.65999999999997
193.57999999999998;243.45999999999998
196.48000000000002;242.01
199.39999999999998;240.55
201.62;239.32
203.5;236.5
205.75;234.25
207.99;232.01
208.51;229.49
210.5;227.31
211.20999999999998;224.44
212.5;221.63
212.5;218.5
212.95;215.59000000000003
214.5;213.3
214.5;210.14
214.5;206.7
213.5;204.25
213.5;200.8
212.35000000000002;198.35000000000002
211.5;195.5
