275.5;47.5
272.95;46.650000000000006
270.88;45.69
268.58;45.5
266.48;45.49000000000001
264.40999999999997;44.45
262.25;43.5
259.75;43.5
257.18;43.5
254.70999999999998;43.5
252.5;43.5
250.32;43.5
247.97000000000003;43.77000000000001
245.89999999999998;44.7
243.49;45.52000000000001
242.5;47.61
242.70999999999998;49.93000000000001
243.8;52.099999999999994
244.89999999999998;54.30000000000001
245.77999999999997;56.349999999999994
246.5;58.650000000000006
245.98000000000002;61.02000000000001
244.64999999999998;63.19999999999999
243.31;64.6
241.13;65.87
239.15999999999997;66.84
236.79000000000002;67.5
234.62;68.44
232.5;68.5
230.60000000000002;70.4
228.5;70.5
