234.5;73.5
236.88;75.88
237.5;78.81
237.22000000000003;81.78
234.07;84.93
231.94;86.78
228.95;89.05000000000001
226.39;90.56
223.01;92.25
220.29000000000002;93.6
216.86;95.32
214.17000000000002;96.67000000000002
210.73000000000002;98.38
208.48000000000002;100.50999999999999
205.62;102.38
202.63;104.43
200.42000000000002;106.57999999999998
198.14;109.54000000000002
196.29000000000002;112.32
194.5;114.76999999999998
193.44;118.1
191.45999999999998;120.59
190.5;124.13999999999999
189.51999999999998;127.43
188.5;130.4
188.5;133.70999999999998
188.5;136.88
188.5;140.5
189.18;143.87
189.5;146.91
189.5;150.5
