206.5;265.5
206.5;268.86
205.60000000000002;272.4
203.27999999999997;274.61
199.70999999999998;276.4
197.45999999999998;278.55
195.47000000000003;281.57
193.70999999999998;285.08
192.04000000000002;287.96
190.88;291.12
189.5;294.12
189.5;297.63
189.5;301.48
188.5;304.8
187.54000000000002;308.37
187.5;311.76
187.5;315.12
187.5;318.63
187.5;322.48
186.5;325.61
186.5;329.47
185.81;332.88
185.5;336.12
185.45;339.6
183.43;342.57
181.49;345.52
179.76999999999998;348.59000000000003
177.48000000000002;351.52
174.51;353.5
172.07;355.72
168.5;356.5
