209.5;70.5
211.52999999999997;69.47
213.48000000000002;67.51999999999998
215.5;66.5
217.57;65.47
219.72000000000003;64.38999999999999
222.02999999999997;63.5
224.19;62.81
225.84000000000003;61.16
227.65999999999997;59.34
229.15999999999997;57.50999999999999
230.54000000000002;55.46000000000001
232.48000000000002;53.52000000000001
232.5;51.379999999999995
232.5;48.879999999999995
231.95;46.41
231.5;43.93000000000001
231.5;41.53
231.5;39.379999999999995
231.5;36.879999999999995
232.04000000000002;34.41
233.86;32.81999999999999
236.11;31.689999999999998
238.32;30.590000000000003
240.5;30.5
242.77999999999997;30.5
245.38;30.5
247.82999999999998;31.159999999999997
250.07999999999998;32.28999999999999
252.29000000000002;33.400000000000006
254.5;33.5
