230.5;219.5
229.51999999999998;215.60000000000002
228.84000000000003;212.18
227.5;209.02999999999997
225.64;205.64
224.64;202.64
222.5;199.5
221.2;196.2
219.42000000000002;193.35000000000002
218.5;189.51999999999998
216.12;187.12
214.5;183.62
212.26;181.26
209.74;177.97000000000003
208.20999999999998;174.92000000000002
206.5;171.5
204.5;168.53
203.34000000000003;165.34
201.5;161.93
199.5;159.37
199.5;155.5
197.72000000000003;151.94
196.64999999999998;148.65
196.5;144.95
196.20999999999998;141.62
195.5;137.61
195.5;133.87
196.43;130.57
196.5;126.78999999999999
196.5;123.36000000000001
196.5;119.5
