208.5;115.5
212.22000000000003;117.22
214.70999999999998;119.92000000000002
217.45999999999998;123.46000000000001
219.01;127.00999999999999
219.5;130.86
220.19;134.87
220.5;138.97
220.5;143.17000000000002
222.49;146.49
224.63;149.76
225.59000000000003;153.69
227.51;157.51
229.48000000000002;161.45
231.5;164.69
233.61;167.72
236.36;171.36
237.81;174.81
239.79000000000002;178.09000000000003
241.62;181.75
243.51999999999998;185.51999999999998
245.5;189.2
247.2;192.90999999999997
248.49;196.49
250.13;200.39
250.5;204.29000000000002
250.5;208.51999999999998
250.5;212.32999999999998
249.51;216.49
249.5;220.51
248.5;224.5
