392.5;60.5
395.74;58.25999999999999
398.49;55.50999999999999
400.51;53.599999999999994
400.69;55.900000000000006
401.05;60.41
401.5;66.03
401.95;71.63999999999999
402.31;76.13999999999999
402.49;78.41
405.5;78.5
408.99;77.5
412.78;77.36000000000001
416.54;76.5
420.5;76.5
424.2;74.65
427.98;74.5
431.82;74.5
435.15999999999997;73.17000000000002
438.76;72.37
442.53;71.5
446.45000000000005;70.53
450.35;70.5
453.95000000000005;69.5
457.78999999999996;69.5
461.61;69.5
465.09000000000003;68.5
468.93000000000006;68.5
472.78999999999996;68.5
476.66999999999996;68.5
480.5;67.5
