175.5;144.5
174.5;141.11
174.5;137.85
175.5;134.73000000000002
176.34000000000003;130.99
177.5;128.24
178.45;124.59
180.54000000000002;122.42000000000002
182.40999999999997;118.69
184.59000000000003;116.41
186.73000000000002;114.16
188.76999999999998;111.23000000000002
191.76999999999998;108.87
194.57999999999998;107.42000000000002
197.09000000000003;104.91
200.2;102.65
202.98000000000002;101.25999999999999
206.07;98.93
208.90999999999997;98.30000000000001
212.39;96.56
215.25;95.75
218.34000000000003;93.57999999999998
221.18;92.82
224.29000000000002;90.61000000000001
226.52999999999997;88.81
230.07999999999998;85.85
231.29000000000002;83.12
232.5;80.5
232.5;76.66
230.36;74.36000000000001
227.5;72.5
