268.5;57.5
265.73;57.5
263.40999999999997;57.5
260.72;57.5
258.82;55.81999999999999
256.69;54.59
254.48000000000002;54.5
252.01999999999998;54.5
249.44;55.03
247.06;54.78
244.74;55.379999999999995
242.49;55.5
239.74;55.5
237.51999999999998;56.49000000000001
235.31;56.69
233.0;58.25
231.60000000000002;60.30000000000001
232.72000000000003;61.94
233.89999999999998;64.30000000000001
235.34000000000003;66.34
237.29000000000002;67.9
239.32999999999998;69.32999999999998
240.85000000000002;71.01999999999998
242.49;73.49000000000001
242.3;75.69999999999999
240.73000000000002;77.65
239.29000000000002;79.6
236.88;80.5
234.44;80.85
232.19;81.6
229.5;82.5
