194.5;252.5
192.75;255.25
190.51;257.49
187.82999999999998;258.83
184.68;260.40999999999997
182.14;261.5
179.15999999999997;262.84000000000003
176.82999999999998;265.17
174.45999999999998;266.54
172.26999999999998;268.73
169.70999999999998;270.9
166.99;273.01
165.16;275.17
163.59;278.32
162.17000000000002;280.83
160.67000000000002;283.98
160.5;286.67
160.5;290.24
160.14;292.78
160.5;295.61
160.5;299.17
160.5;302.03
161.43;305.36
161.81;308.12
162.5;311.43
162.5;314.47
163.5;317.49
164.5;320.34000000000003
165.4;323.3
166.5;326.21
166.5;329.5
