383.5;82.5
389.56;82.48000000000002
396.34000000000003;80.38999999999999
402.5;78.5
408.79;78.5
413.9;78.15
422.34000000000003;76.04000000000002
428.46;74.50999999999999
434.47;73.51999999999998
440.52;72.49000000000001
446.53999999999996;70.5
453.03999999999996;70.5
459.45000000000005;69.5
465.98;68.75999999999999
472.43000000000006;68.5
478.51;67.5
484.49;67.5
482.91999999999996;67.34
478.99;66.94999999999999
473.1;66.36000000000001
465.65;65.62
457.04999999999995;64.75999999999999
447.70000000000005;63.81999999999999
438.01;62.849999999999994
428.38;61.889999999999986
419.22;60.97
410.93;60.139999999999986
403.90999999999997;59.44
398.58;58.91
395.33;58.579999999999984
393.5;59.5
