204.5;116.5
207.34000000000003;119.34
209.54000000000002;122.59
210.5;126.53
210.5;130.57
211.5;134.51
211.5;138.54
212.5;142.5
214.18;146.18
215.5;149.7
216.90999999999997;153.32999999999998
218.68;156.86
221.40999999999997;160.41
223.57;163.57
224.76;167.01999999999998
227.45999999999998;170.45999999999998
229.94;173.38
231.76999999999998;176.76999999999998
234.44;180.38
235.86;183.86
237.09000000000003;187.09000000000003
238.56;190.56
240.5;194.23000000000002
241.36;197.79000000000002
242.5;201.51999999999998
242.5;205.56
242.5;209.62
242.5;213.69
242.5;217.7
241.49;221.51999999999998
240.5;225.5
