375.5;87.5
379.12;86.5
382.18;85.16
385.61;84.44
389.27;82.62
391.07;82.11000000000001
395.52;80.99000000000001
400.76;79.68
404.68;78.70999999999998
407.08;78.5
410.63;78.5
413.78;77.36000000000001
417.42;75.54000000000002
421.07;75.5
424.45;75.03
427.83;74.5
431.54;74.48000000000002
435.31999999999994;73.5
438.44000000000005;72.03
441.83000000000004;71.5
445.53999999999996;71.48000000000002
449.31999999999994;70.5
452.94000000000005;70.5
456.12;69.5
459.73;69.5
463.51;69.49000000000001
467.22;68.5
470.80999999999995;68.5
474.33000000000004;68.5
477.64;67.5
481.5;67.5
