190.5;272.5
190.5;269.19
191.74;266.79
192.76;263.73
194.37;260.63
194.97000000000003;258.03
197.10000000000002;255.29000000000002
198.5;252.5
200.44;249.60000000000002
202.49;247.51
204.89;245.11
207.49;243.5
209.57;241.43
211.95999999999998;239.26999999999998
214.76;237.24
217.13;234.87
219.39;232.61
221.25;229.88
222.87;227.94
224.89;225.11
226.97000000000003;222.29000000000002
227.5;219.5
228.89999999999998;216.7
229.5;213.5
229.5;210.26999999999998
231.35000000000002;207.64999999999998
231.5;204.56
230.75;201.75
230.5;198.87
230.5;195.5
229.5;192.5
