268.5;59.5
266.11;59.5
264.12;59.5
262.15;58.81999999999999
260.29;57.889999999999986
258.43;56.97
256.40999999999997;56.5
254.22000000000003;56.5
252.04000000000002;56.5
249.88;56.5
247.73000000000002;56.5
245.79000000000002;55.639999999999986
243.86;55.5
241.69;55.5
239.62;56.129999999999995
238.11;56.75999999999999
235.76999999999998;58.31999999999999
234.76999999999998;59.94999999999999
235.5;61.5
236.48000000000002;63.47
237.45999999999998;65.42000000000002
238.42000000000002;67.35
239.38;69.25999999999999
240.32;71.15
240.5;73.22
239.65999999999997;75.17000000000002
238.48000000000002;76.50999999999999
236.5;77.5
235.04000000000002;78.5
232.51999999999998;78.5
230.5;78.5
