115.5;365.5
120.0;365.5
124.74000000000001;366.12
127.97;368.97
130.37;370.21
134.92000000000002;368.69
141.34;366.55
147.28;364.57
150.41;363.53
154.45999999999998;363.5
158.54000000000002;362.46
162.5;360.5
166.42000000000002;357.58
169.23000000000002;354.40999999999997
172.17000000000002;350.83
175.03;347.44
177.35000000000002;342.8
178.98000000000002;339.02
180.5;334.85
182.04000000000002;330.42
182.5;325.72
183.5;321.5
183.5;316.99
184.5;312.52
184.64999999999998;308.2
185.5;303.56
186.01;298.96
186.99;294.53
188.25;289.99
189.15999999999997;285.52
190.5;281.5
