192.5;171.5
191.5;169.5
190.5;167.5
189.32;166.15
187.98000000000002;163.45999999999998
187.2;161.9
186.5;159.78
185.67000000000002;157.67000000000002
184.87;155.61
184.5;153.6
183.57999999999998;151.57999999999998
183.5;149.5
183.49;147.45999999999998
182.63;144.88
182.5;142.79000000000002
182.5;140.57999999999998
182.5;138.5
182.5;136.43
182.75;134.25
184.11;132.29000000000002
184.5;130.1
185.25;127.99000000000001
186.60000000000002;126.4
187.86;124.76999999999998
189.20999999999998;122.79000000000002
190.82999999999998;121.17000000000002
192.39999999999998;119.6
194.02999999999997;118.97
195.67000000000002;117.5
197.73000000000002;117.26999999999998
199.5;115.5
