208.5;115.5
211.70999999999998;118.11000000000001
214.55;120.61000000000001
215.51999999999998;124.53999999999999
216.5;128.5
216.51999999999998;132.53
217.5;136.5
217.51;140.52
219.47000000000003;144.44
220.97000000000003;147.97
222.01999999999998;151.55
223.77999999999997;155.07
225.62;158.62
228.35000000000002;162.20999999999998
230.14;165.78
232.57;168.65
234.5;172.5
237.11;175.72
238.87;179.23000000000002
240.7;182.7
243.40999999999997;186.32
244.5;190.14
245.7;193.7
246.5;197.64
248.10000000000002;201.29000000000002
248.5;204.85000000000002
247.87;209.13
247.5;213.22000000000003
247.5;217.32
246.5;221.19
244.5;224.5
