119.5;357.5
123.88999999999999;357.5
128.69;357.5
133.13;358.5
137.28;360.39
141.51999999999998;360.5
146.01999999999998;360.5
150.84;360.5
155.44;360.5
159.59;360.40999999999997
163.51;358.5
167.51999999999998;356.48
171.39;353.56
174.26;349.86
176.95999999999998;346.31
179.44;342.61
182.07999999999998;341.08
185.49;344.49
189.14999999999998;347.33
192.91999999999996;349.44
194.01999999999998;352.98
192.51;356.45
193.89999999999998;351.83
195.44;346.7
196.16999999999996;344.33
191.89999999999998;342.2
185.98000000000002;339.24
182.55;337.52
182.5;333.5
183.5;328.89
183.5;324.5
