481.5;68.5
478.24;68.5
474.51;68.5
470.98;68.5
467.89;68.80000000000001
464.54999999999995;68.51999999999998
461.31999999999994;67.91
458.43000000000006;66.57
455.65;68.35
452.62;70.44
449.31999999999994;70.5
446.35;71.5
442.55999999999995;71.5
439.48;72.5
436.44000000000005;73.53
432.87;74.5
429.65;74.5
426.33;74.5
422.55;74.5
419.31;75.1
416.42;76.5
412.79;77.36000000000001
410.49;79.50999999999999
407.51;79.50999999999999
404.33;78.5
401.35;79.5
397.56;79.5
399.36;80.07
403.85;81.44999999999999
408.40999999999997;82.86000000000001
410.5;83.5
