274.5;47.5
270.23;46.5
265.89;45.2
261.25;44.5
256.58;44.5
253.12;44.75
249.3;43.5
245.23000000000002;44.5
240.60000000000002;44.95
240.07;48.06999999999999
237.77999999999997;49.78
240.49;52.49000000000001
243.7;51.69999999999999
242.69;54.69
246.18;56.18000000000001
248.5;57.599999999999994
247.52999999999997;62.400000000000006
245.85000000000002;65.93
241.49;67.5
237.26;69.62
233.20999999999998;70.63999999999999
229.52999999999997;72.47
231.37;70.51999999999998
235.20999999999998;66.48000000000002
239.87;61.56
244.19;57.0
247.01;54.02000000000001
247.5;51.5
245.95999999999998;47.41
248.74;48.120000000000005
252.5;48.5
