291;253
292;254
293;254
294;255
295;256
296;257
297;258
298;259
299;260
300;261
301;262
302;263
303;264
304;265
305;266
306;267
307;268
308;269
309;270
310;270
311;271
312;272
313;273
314;274
315;275
316;276
317;277
318;278
319;279
320;280
321;281
322;282
323;283
324;284
325;285
326;286
327;287
328;288
329;289
330;290
331;291
332;291
333;292
334;292
335;293
336;294
337;295
338;296
339;297
340;298
341;299
342;300
343;301
344;301
345;302
346;303
347;304
348;305
349;306
350;306
351;306
352;307
353;308
354;308
355;309
356;310
357;310
358;310
359;311
360;311
361;311
362;312
363;312
364;313
365;313
366;314
367;314
368;314
369;314
370;314
371;315
372;315
373;315
374;316
375;316
376;316
377;316
378;316
379;316
380;316
381;316
382;316
383;316
384;316
385;316
386;317
387;317
388;317
389;317
390;317
391;317
392;317
393;317
394;318
395;318
396;318
397;318
398;318
399;318
400;319
401;319
402;319
403;319
404;319
405;320
406;320
407;320
408;321
409;321
410;322
411;322
412;323
