319;314
320;314
321;315
322;315
323;316
324;316
325;317
326;317
327;318
328;319
329;320
330;320
331;320
332;321
333;321
334;322
335;323
336;324
337;325
338;326
339;326
340;327
341;327
342;328
343;329
344;329
345;330
346;330
347;331
348;332
349;332
350;333
351;333
352;334
353;334
354;335
355;336
356;337
357;337
358;337
359;338
360;339
361;339
362;340
363;340
364;341
365;341
366;342
367;342
368;342
369;343
370;343
371;344
372;344
373;345
374;345
375;346
376;346
377;347
378;347
379;347
380;348
381;348
382;348
383;349
384;349
385;350
386;350
387;350
388;351
389;351
390;352
391;352
392;352
393;352
394;352
395;353
396;353
397;353
398;354
399;354
400;354
401;354
402;354
403;354
404;354
405;354
406;354
407;354
408;354
409;354
411;354
415;354
417;354
421;354
422;354
423;354
428;354
432;354
434;354
435;354
410;355
412;355
413;355
414;355
416;355
418;355
419;355
420;355
424;355
425;355
426;355
427;355
429;355
430;355
431;355
433;355
436;355
437;355
438;355
439;355
440;355
441;355
442;355
443;355
444;355
445;355
446;355
447;355
448;355
449;356
450;356
451;356
452;357
453;357
454;357
455;358
456;358
