286;284
287;284
288;285
289;285
290;285
291;286
292;287
293;288
294;289
295;290
296;291
297;292
298;293
299;294
300;295
301;296
302;297
303;297
304;297
305;298
306;299
307;300
308;301
309;302
310;303
311;304
312;305
313;305
314;306
315;306
316;307
317;308
318;309
319;310
320;310
321;311
322;312
323;313
324;314
325;315
326;316
327;316
328;317
329;318
330;319
331;319
332;320
333;321
334;321
335;322
336;322
337;323
338;324
339;324
340;325
341;325
342;325
343;326
344;326
345;327
346;327
347;328
348;328
349;329
350;330
351;330
352;330
353;331
354;331
355;331
356;332
357;332
358;333
359;333
360;334
361;334
362;334
363;334
364;334
365;334
366;335
367;335
368;335
369;335
370;335
371;335
378;335
381;335
382;335
385;335
386;335
387;335
388;335
389;335
390;335
391;335
392;335
393;335
394;335
395;335
396;335
397;335
398;335
399;335
400;335
401;335
402;335
372;336
373;336
374;336
375;336
376;336
377;336
379;336
380;336
383;336
384;336
403;336
404;336
405;336
406;336
407;336
408;336
409;337
410;338
411;338
412;338
413;338
414;338
415;339
416;340
