305;262
306;262
307;262
308;263
309;264
310;265
311;266
312;267
313;267
314;268
315;269
316;270
317;271
318;272
319;272
320;273
321;274
322;274
323;275
324;276
325;277
326;278
327;278
328;279
329;280
330;280
331;281
332;282
333;282
334;283
335;284
336;285
337;286
338;286
339;287
340;288
341;289
342;289
343;290
344;291
345;292
346;293
347;294
348;294
349;295
350;295
351;296
352;297
353;297
354;298
355;298
356;299
357;300
358;300
359;300
360;301
361;302
362;303
363;303
364;303
365;304
366;304
367;305
368;305
369;306
370;307
371;308
372;308
373;309
374;309
375;309
376;309
377;310
378;310
379;310
380;311
381;311
382;311
383;311
384;311
385;311
386;311
387;312
388;312
389;312
390;312
393;312
391;313
392;313
394;313
395;313
396;313
397;313
398;313
399;313
400;313
401;313
402;313
403;313
404;313
405;313
406;313
408;313
407;314
409;314
410;314
411;314
412;314
413;314
414;314
415;314
416;315
417;315
418;316
419;316
420;316
421;316
422;317
423;317
424;318
425;319
426;319
427;319
428;320
429;320
430;320
