304;290
305;291
306;292
307;292
308;292
309;293
310;294
311;295
312;296
313;297
314;298
315;298
316;299
317;300
318;300
319;301
320;301
321;302
322;303
323;304
324;305
325;306
326;307
327;308
328;309
329;309
330;310
331;311
332;312
333;313
334;314
335;314
336;315
337;315
338;316
339;316
340;317
341;318
342;319
343;319
344;320
345;321
346;322
347;322
348;323
349;324
350;325
351;326
352;327
353;327
354;328
355;329
356;329
357;330
358;330
359;331
360;332
361;332
362;333
363;333
364;334
365;334
366;335
367;335
368;335
369;336
370;337
371;337
372;337
373;338
374;338
375;339
376;339
377;340
378;340
379;341
380;341
381;341
382;341
384;341
385;341
383;342
386;342
387;342
388;342
389;343
390;343
391;343
392;343
393;343
394;343
395;343
396;343
397;343
398;343
399;343
400;343
401;343
402;343
403;343
404;343
405;343
406;343
407;343
408;343
409;343
410;343
411;343
412;343
413;343
414;343
415;343
416;343
417;343
418;343
419;343
420;344
421;344
422;344
423;344
424;345
425;345
426;345
427;346
428;346
429;346
430;347
431;347
432;347
433;348
433;349
434;350
