281;263
282;264
283;265
284;266
285;266
286;267
287;268
288;269
289;270
290;271
291;271
292;272
293;273
294;274
295;275
296;276
297;277
298;278
299;279
300;279
301;280
302;281
303;282
304;283
305;284
306;284
307;285
308;286
309;287
310;288
311;288
312;289
313;290
314;291
315;292
316;293
317;294
318;295
319;296
320;297
321;297
322;298
323;299
324;299
325;300
326;301
327;301
328;302
329;303
330;304
331;305
332;306
333;307
334;307
335;308
336;308
337;309
338;310
339;310
340;311
341;311
342;312
343;313
344;314
345;314
346;315
347;315
348;316
349;316
350;317
351;317
352;318
353;318
354;319
355;319
356;320
357;320
358;320
359;321
360;321
361;321
362;321
363;322
364;322
365;322
366;322
367;322
368;323
369;323
370;323
371;323
372;323
373;323
374;323
375;323
376;323
377;323
378;323
379;324
380;324
381;324
382;324
383;324
384;324
385;324
386;324
387;324
388;324
389;324
390;324
391;324
392;324
393;324
394;324
395;325
396;325
397;325
398;325
399;325
400;326
401;326
402;326
403;327
404;327
405;327
406;328
407;328
408;329
409;329
