305;275
306;276
307;276
308;277
309;277
310;278
311;279
312;279
313;280
314;281
315;282
316;283
317;283
318;283
319;284
320;285
321;286
322;287
323;287
324;288
325;289
326;290
327;291
328;292
329;293
330;293
331;294
332;295
333;296
334;296
335;296
336;297
337;298
338;299
339;300
340;301
341;301
342;302
343;302
344;303
345;303
346;304
347;305
348;306
349;306
350;307
351;308
352;308
353;309
354;310
355;310
356;310
357;311
358;312
359;312
360;313
361;313
362;314
363;314
364;315
365;315
366;316
367;316
368;317
369;317
370;317
371;318
372;319
373;319
374;320
375;320
376;320
377;321
378;321
379;322
380;322
381;322
382;322
383;323
384;323
385;323
386;323
387;323
388;323
389;324
390;324
391;324
392;324
393;324
394;324
395;324
396;324
397;324
398;324
399;324
400;324
402;324
401;325
403;325
404;325
405;325
406;325
407;325
408;325
409;325
410;325
411;325
412;325
413;325
414;325
415;325
416;325
417;325
418;326
419;326
420;326
421;326
422;326
423;326
424;327
425;327
426;327
427;327
428;328
429;328
430;328
431;329
432;329
433;329
434;330
435;330
436;330
