309;306
310;307
311;307
312;308
313;309
314;310
315;310
316;310
317;311
318;312
319;313
320;314
321;314
322;315
323;316
324;316
325;317
326;318
327;318
328;319
329;320
330;321
331;321
332;322
333;323
334;323
335;324
336;324
337;325
338;326
339;327
340;327
341;328
342;329
343;330
344;331
345;331
346;332
347;332
348;333
349;334
350;335
351;335
352;335
353;336
354;337
355;337
356;338
357;338
358;339
359;340
360;341
361;341
362;342
363;342
364;343
365;344
366;344
367;345
368;345
369;346
370;346
371;347
372;347
373;347
374;348
375;348
376;348
377;349
378;349
379;350
380;350
381;351
382;351
383;351
384;352
385;352
386;352
387;352
388;353
389;353
390;353
391;353
416;353
417;353
418;353
419;353
421;353
423;353
426;353
392;354
393;354
394;354
395;354
396;354
397;354
398;354
399;354
400;354
401;354
402;354
403;354
404;354
405;354
406;354
407;354
408;354
409;354
410;354
411;354
412;354
413;354
414;354
415;354
420;354
422;354
424;354
425;354
427;354
428;354
429;354
430;354
431;354
432;354
433;355
434;355
435;355
436;356
437;356
438;356
439;357
440;357
441;358
442;359
