285;273
286;274
287;275
288;275
289;276
290;277
291;277
292;278
293;279
294;280
295;281
296;282
297;282
298;283
299;284
300;285
301;285
302;286
303;287
304;288
305;288
306;289
307;290
308;291
309;292
310;293
311;294
312;295
313;295
314;295
315;296
316;297
317;298
318;299
319;300
320;301
321;302
322;302
323;303
324;304
325;304
326;305
327;306
328;307
329;308
330;309
331;310
332;310
333;311
334;311
335;312
336;312
337;313
338;313
339;314
340;314
341;315
342;316
343;316
344;317
345;318
346;319
347;319
348;319
349;320
350;321
351;321
352;322
353;322
354;323
355;324
356;324
357;324
358;325
359;325
360;325
361;325
362;326
363;326
364;326
365;326
366;326
367;326
368;326
369;326
370;326
371;327
372;327
373;327
374;327
375;327
376;327
377;327
378;327
379;327
380;327
381;327
382;327
383;327
384;327
385;327
386;327
387;327
388;327
389;327
390;327
391;327
392;327
393;327
394;327
395;327
396;327
397;327
398;327
399;328
400;328
401;328
402;328
403;328
404;328
405;328
406;328
407;329
408;329
409;329
410;330
411;330
412;330
413;331
414;331
415;331
