293;258
294;259
295;260
296;260
297;261
298;262
299;262
300;263
301;264
302;264
303;265
304;266
305;267
306;268
307;269
308;270
309;270
310;271
311;271
312;272
313;273
314;274
315;274
316;275
317;276
318;277
319;278
320;279
321;280
322;280
323;281
324;281
325;282
326;282
327;283
328;283
329;284
330;285
331;286
332;287
333;287
334;288
335;289
336;290
337;291
338;291
339;291
340;292
341;293
342;293
343;294
344;294
345;295
346;295
347;296
348;297
349;298
350;298
351;299
352;299
353;300
354;300
355;300
356;301
357;302
358;302
359;302
360;303
361;303
362;304
363;304
364;304
365;305
366;305
367;305
368;306
369;306
370;306
371;307
372;307
373;307
374;307
375;307
376;308
377;308
378;308
379;308
380;308
381;308
382;308
383;309
384;309
385;309
386;309
387;309
388;309
389;309
390;309
391;309
392;309
393;309
394;309
395;309
396;309
397;309
398;309
399;309
400;309
401;309
402;309
403;310
404;310
405;310
406;310
407;310
408;310
409;311
410;311
411;311
412;312
413;312
414;312
415;313
416;313
417;314
418;314
419;314
420;315
421;315
422;316
