297;239
298;240
299;240
300;241
301;241
302;242
303;243
304;244
305;244
306;245
307;246
308;247
309;247
310;248
311;249
312;250
313;251
314;252
315;252
316;253
317;254
318;255
319;256
320;256
321;257
322;258
323;258
324;259
325;260
326;261
327;262
328;263
329;264
330;265
331;265
332;266
333;267
334;268
335;268
336;268
337;269
338;270
339;271
340;271
341;272
342;273
343;274
344;275
345;276
346;277
347;278
348;278
349;279
350;280
351;281
352;281
353;282
354;283
355;283
356;284
357;284
358;285
359;285
360;286
361;287
362;287
363;287
364;288
365;289
366;289
367;290
368;290
369;291
370;291
371;292
372;292
373;292
374;293
375;293
376;294
377;294
378;294
379;295
380;295
381;295
382;296
383;296
384;296
385;296
386;296
387;297
388;297
389;297
391;297
390;298
392;298
393;298
394;298
395;298
396;298
397;298
398;299
399;299
400;299
401;299
402;299
403;299
404;300
405;300
406;300
407;301
408;301
409;301
410;302
411;302
412;302
413;303
414;303
415;303
416;304
417;304
418;304
419;305
420;305
