301;275
301;276
301;277
302;278
303;279
304;280
305;280
306;281
307;282
308;283
309;284
310;284
311;285
312;286
313;287
314;288
315;288
316;289
317;290
318;291
319;292
320;293
321;294
322;294
323;295
324;296
325;297
326;297
327;298
328;299
329;299
330;300
331;301
332;301
333;302
334;302
335;303
336;303
337;304
338;305
339;305
340;306
341;306
342;307
343;307
344;308
345;309
346;309
347;310
348;310
349;310
350;311
351;311
352;312
353;312
354;312
355;313
356;313
357;313
358;314
359;314
360;315
361;315
362;316
363;316
364;316
365;317
366;317
367;318
368;318
369;318
370;318
371;319
372;319
373;319
374;320
375;320
376;320
377;320
378;320
379;320
380;321
381;321
382;321
383;321
384;321
385;321
386;321
387;321
388;321
389;321
390;321
391;321
392;321
393;321
394;321
395;321
396;321
397;321
398;321
399;321
400;321
401;321
402;321
403;321
404;321
405;321
406;321
407;321
408;321
409;321
410;321
411;321
412;321
413;321
414;321
415;321
416;321
417;321
418;321
419;321
420;321
421;321
422;321
423;321
424;322
425;322
426;322
427;323
428;323
429;323
430;324
431;325
432;326
