301;304
302;305
303;305
304;305
305;306
306;307
307;308
308;309
309;309
310;309
311;310
312;311
313;312
314;312
315;312
316;313
317;314
318;315
319;316
320;317
321;318
322;319
323;319
324;320
325;320
326;321
326;322
327;323
328;323
329;324
330;324
331;325
332;326
333;327
334;328
335;329
336;330
337;331
338;332
339;332
340;333
341;334
342;334
343;334
344;335
345;336
346;337
347;338
348;338
349;339
350;340
351;341
352;341
353;342
354;342
355;343
356;343
357;344
358;344
359;345
360;346
361;347
362;347
363;347
364;348
365;349
366;349
367;350
368;350
369;351
370;351
371;352
372;352
373;352
374;352
375;353
376;353
377;353
378;354
379;354
380;354
381;354
382;355
383;355
384;355
385;355
386;355
387;355
388;355
389;355
390;355
391;355
392;355
393;355
394;355
395;355
396;355
397;355
398;355
399;355
400;355
401;355
402;355
403;355
404;355
405;355
406;355
407;355
408;355
409;355
410;355
411;355
412;355
413;355
414;355
415;355
416;355
417;355
418;355
419;355
420;356
421;356
422;356
423;357
424;357
425;357
426;357
427;358
428;358
429;359
430;359
