308;252
309;253
310;253
311;254
312;255
313;255
314;256
315;256
316;257
317;258
318;259
319;260
320;260
321;261
322;262
323;262
324;263
325;264
326;265
327;266
328;266
329;267
330;268
331;269
332;269
333;270
334;271
335;272
336;273
337;274
338;275
339;275
340;276
341;277
342;278
343;279
344;279
345;280
346;280
347;281
348;282
349;283
350;284
351;284
352;285
353;286
354;286
355;287
356;287
357;287
358;288
359;288
360;289
361;290
362;291
363;292
364;293
365;294
366;294
367;295
368;295
369;296
370;297
371;297
372;297
373;298
374;298
375;298
376;299
377;299
378;300
379;300
380;300
381;301
382;301
383;302
384;302
385;303
386;303
387;303
388;303
389;303
390;304
391;304
392;304
393;304
394;304
395;304
396;305
397;305
398;305
399;305
400;306
401;306
402;306
403;306
404;306
405;306
406;307
407;307
408;307
409;307
410;308
411;308
412;308
413;308
414;308
415;309
416;309
417;309
418;310
419;310
420;310
421;311
422;311
423;312
424;312
425;312
426;313
427;314
428;314
429;315
430;315
