285;290
286;290
287;290
288;290
289;291
290;291
291;292
292;293
293;293
294;294
295;294
296;295
297;296
298;297
299;298
300;298
301;299
302;300
303;300
304;301
305;301
306;302
307;303
308;304
309;305
310;306
311;306
312;307
313;307
314;308
315;309
316;310
317;311
318;312
319;313
320;314
321;315
322;315
323;316
324;316
325;317
326;318
327;318
328;319
329;320
330;321
331;321
332;322
333;323
334;324
335;324
336;325
337;325
338;326
339;326
340;327
341;327
342;328
343;329
344;329
345;329
346;330
347;330
348;331
349;332
350;332
351;333
352;333
353;334
354;334
355;334
356;334
357;335
358;335
359;336
360;336
361;336
362;336
363;336
364;337
365;337
366;337
367;337
368;337
369;337
370;337
371;337
372;337
373;337
374;337
375;337
376;337
377;337
379;337
380;337
381;337
382;337
383;337
384;337
385;337
386;337
387;337
388;337
389;337
390;337
391;337
392;337
393;337
394;337
395;337
396;337
397;337
398;337
399;337
400;337
378;338
401;338
402;338
403;338
404;338
405;339
406;339
407;339
408;340
409;340
410;341
411;341
412;341
413;342
414;343
