293;246
294;247
295;247
296;248
297;249
298;249
299;250
300;251
301;252
302;253
303;254
304;255
305;256
306;257
307;257
308;258
309;258
310;259
311;260
312;260
313;261
314;262
315;263
316;264
317;265
318;266
319;267
320;268
321;268
322;269
323;270
324;270
325;271
326;271
327;272
328;273
329;274
330;275
331;275
332;276
333;277
334;278
335;278
336;279
337;279
338;280
339;280
340;281
341;282
342;283
343;283
344;283
345;284
346;285
347;286
348;287
349;287
350;288
351;288
352;288
353;289
354;290
355;290
356;291
357;292
358;292
359;292
360;293
361;293
362;294
363;295
364;295
365;295
366;296
367;296
368;296
369;296
370;297
371;297
372;297
373;298
374;298
375;298
376;298
377;298
378;299
379;299
380;299
381;299
382;299
383;300
384;300
385;300
386;300
387;301
388;301
389;301
390;301
391;301
392;301
393;301
394;301
395;301
396;301
397;302
398;302
399;302
400;303
401;303
402;303
403;303
404;303
405;303
406;304
407;304
408;304
409;304
410;305
411;305
412;306
413;306
414;307
415;307
416;308
417;308
418;308
