293;260
294;261
295;262
296;263
297;264
298;264
299;265
300;266
301;266
302;267
303;267
304;268
305;269
306;270
307;271
308;272
309;273
310;274
311;275
312;275
313;276
314;277
315;278
316;279
317;280
318;281
319;282
320;283
321;283
322;284
323;285
324;286
325;287
326;288
327;289
328;290
329;291
330;292
331;293
332;294
333;295
334;296
335;296
336;297
337;298
338;299
339;300
340;301
341;302
342;302
343;303
344;304
345;305
346;306
347;306
348;307
349;308
350;308
351;309
352;310
353;310
354;311
355;312
356;313
357;313
358;314
359;314
360;315
361;315
362;316
363;316
364;317
365;317
366;317
367;318
368;318
369;319
370;319
371;319
372;320
373;320
374;320
375;320
376;320
377;320
378;320
379;320
380;320
381;320
382;321
383;321
384;321
385;321
386;321
387;321
388;321
389;321
390;321
391;321
392;321
393;321
394;321
395;321
396;321
397;321
398;321
399;321
400;321
401;322
402;322
403;323
404;323
405;323
406;323
407;323
408;324
409;324
410;324
411;324
412;324
413;325
414;325
415;326
416;326
417;326
418;327
