302;252
303;253
304;253
305;254
306;255
307;256
308;256
309;257
310;257
311;258
312;259
313;260
314;261
315;262
316;263
317;263
318;264
319;265
320;265
321;266
322;267
323;268
324;269
325;270
326;271
327;272
328;273
329;274
330;275
331;276
332;277
333;277
334;278
335;279
336;280
337;280
338;281
339;282
340;283
341;284
342;284
343;285
344;286
345;287
346;288
347;289
348;289
349;290
350;290
351;291
352;292
353;292
354;293
355;294
356;295
357;296
358;296
359;296
360;297
361;298
362;299
363;299
364;300
365;300
366;300
367;301
368;301
369;302
370;303
371;303
372;303
373;304
374;304
375;304
376;305
377;306
378;306
379;306
380;306
381;307
382;307
383;308
384;308
385;308
386;308
387;308
388;308
389;308
390;308
391;308
392;309
393;309
394;309
395;309
396;309
397;309
398;309
400;309
399;310
401;310
402;310
403;310
404;310
405;310
406;310
407;311
408;311
409;311
410;311
411;311
412;311
413;312
414;312
415;312
416;312
417;313
418;313
419;314
420;314
421;314
422;315
423;316
424;316
425;316
426;317
