294;273
295;274
295;275
296;276
297;277
298;277
299;278
300;279
301;279
302;280
303;281
304;282
305;282
306;283
307;284
308;285
309;285
310;286
311;287
312;288
313;289
314;290
315;291
316;292
317;293
318;294
319;295
320;296
321;297
322;298
323;298
324;299
325;300
326;301
327;302
328;303
329;303
330;304
331;304
332;305
333;306
334;307
335;308
336;309
337;310
338;311
339;312
340;312
341;313
342;314
343;314
344;315
345;316
346;316
347;317
348;318
349;319
350;320
351;320
352;321
353;321
354;322
355;323
356;323
357;323
358;324
359;324
360;325
361;325
362;326
363;326
364;327
365;327
366;327
367;327
368;328
369;328
370;328
371;329
372;329
373;329
374;329
375;329
376;329
377;329
378;329
379;329
380;329
381;329
382;329
383;329
384;329
387;329
391;329
392;329
393;329
394;329
396;329
399;329
401;329
385;330
386;330
388;330
389;330
390;330
395;330
397;330
398;330
400;330
402;330
403;330
404;330
405;330
406;330
407;330
408;330
409;330
410;331
411;331
412;331
413;331
414;332
415;332
416;332
417;333
418;333
419;334
