298;246
299;247
300;247
301;248
302;249
303;249
304;250
305;250
306;250
307;251
308;252
309;253
310;254
311;254
312;255
313;256
314;257
315;258
316;258
317;258
318;259
319;260
320;261
321;262
322;263
323;263
324;264
325;265
326;266
327;267
328;267
329;268
330;269
331;270
332;270
333;271
334;272
335;273
336;273
337;274
338;275
339;275
340;276
341;277
341;278
342;279
343;279
344;280
345;280
346;281
347;282
348;283
349;284
350;285
351;285
352;286
353;286
354;287
355;288
356;289
357;289
358;290
359;291
360;291
361;292
362;292
363;293
364;294
365;294
366;295
367;295
368;296
369;296
370;297
371;297
372;297
373;298
374;298
375;299
376;299
377;299
378;300
379;300
380;301
381;301
382;302
383;302
384;302
385;302
386;302
387;302
388;303
389;303
390;303
391;304
392;304
393;304
394;304
395;305
396;305
397;305
398;305
399;306
400;306
401;306
402;306
403;306
404;307
405;307
406;307
407;307
408;308
409;308
410;308
411;309
412;309
413;310
414;310
415;311
416;311
417;311
418;312
419;313
420;313
