287;282
288;282
289;282
290;283
291;284
292;285
293;285
294;286
295;287
296;288
297;288
298;289
299;289
300;290
301;291
302;292
303;293
304;294
305;294
306;294
307;295
308;296
309;297
310;298
311;299
312;300
313;301
314;302
315;303
316;303
317;304
318;305
319;305
320;306
321;306
322;307
323;308
324;309
325;310
326;311
327;311
328;311
329;312
330;313
331;314
332;314
333;315
334;315
335;316
336;317
337;317
338;318
339;319
340;319
341;320
342;321
343;321
344;321
345;322
346;322
347;323
348;323
349;324
350;324
351;325
352;325
353;326
354;326
355;327
356;327
357;328
358;328
359;328
360;329
361;329
362;330
363;330
364;330
365;330
366;330
367;331
368;331
369;331
370;331
371;331
372;332
373;332
374;332
375;332
376;332
377;332
378;332
379;333
380;333
381;333
382;333
383;333
384;333
385;333
386;333
387;333
388;333
389;333
390;333
391;333
392;333
393;333
394;333
395;333
396;333
397;333
398;333
399;334
400;334
401;334
402;334
403;334
404;335
405;335
406;335
407;335
408;335
409;336
410;336
411;337
412;337
413;337
414;338
415;338
416;338
417;339
