290;277
291;277
292;278
293;279
294;279
295;280
296;280
297;281
298;282
299;282
300;283
301;284
302;285
303;286
304;287
305;288
306;289
307;289
308;290
309;291
310;291
311;292
312;293
313;293
314;294
315;295
316;295
317;296
318;296
319;297
320;298
321;299
322;299
323;300
324;301
325;302
326;302
327;303
328;304
329;305
330;306
331;306
332;306
333;307
334;308
335;308
336;309
337;310
338;310
339;311
340;311
341;312
342;312
343;313
344;314
345;314
346;315
347;316
348;316
349;316
350;317
351;317
352;318
353;318
354;318
355;319
356;319
357;320
358;320
359;320
360;321
361;321
362;322
363;322
364;322
365;323
366;323
367;323
368;323
369;323
370;324
371;324
372;324
373;324
374;324
375;324
376;324
377;325
378;325
379;325
380;325
381;325
382;325
383;325
384;325
385;325
386;325
387;325
388;325
389;325
391;325
393;325
394;325
396;325
398;325
399;325
401;325
390;326
392;326
395;326
397;326
400;326
402;326
403;326
404;326
405;326
406;326
407;326
408;326
409;327
410;327
411;327
412;327
413;328
414;328
415;328
416;329
417;329
418;329
419;330
