301;256
302;257
303;257
304;258
305;259
306;260
307;261
308;261
309;262
310;262
311;263
312;264
313;265
314;266
315;267
316;268
317;269
318;270
319;271
320;272
321;273
322;273
323;274
324;275
325;276
326;277
327;278
328;279
329;280
330;280
331;281
332;282
333;283
334;284
335;285
336;286
337;286
338;286
339;287
340;288
341;289
342;290
343;290
344;291
345;292
346;293
347;293
348;294
349;294
350;295
351;296
352;296
353;297
354;298
355;298
356;299
357;300
358;301
359;301
360;301
361;302
362;302
363;303
364;303
365;304
366;304
367;305
368;305
369;306
370;306
371;306
372;307
373;308
374;308
375;308
376;308
377;308
378;308
379;309
380;309
381;309
382;310
383;310
384;310
385;310
386;310
387;310
388;311
389;311
390;311
391;311
392;311
393;311
394;311
395;311
396;312
397;312
398;312
399;312
400;312
401;312
402;312
403;312
404;312
405;313
406;313
407;313
408;313
409;313
410;313
411;314
412;314
413;314
414;314
415;315
416;315
417;315
418;316
419;316
420;316
421;317
422;318
423;318
424;318
425;319
