320;295
321;296
322;297
323;297
324;298
325;299
326;300
327;301
328;301
329;302
330;302
331;303
332;304
333;305
334;306
335;306
336;307
337;308
338;308
339;309
340;310
341;310
342;311
343;312
344;312
345;313
346;313
347;314
348;315
349;316
350;316
351;317
352;317
353;318
354;318
355;319
356;320
357;320
358;321
359;322
360;322
361;323
362;323
363;324
364;325
365;325
366;326
367;326
368;326
369;327
370;327
371;328
372;329
373;329
374;330
375;330
376;330
377;331
378;332
379;332
380;332
381;333
382;333
383;333
384;334
385;334
386;334
387;335
388;335
389;336
390;336
391;336
392;337
393;337
394;338
395;338
396;338
397;338
398;339
399;339
400;339
401;339
402;339
403;339
404;340
405;340
406;340
407;340
408;340
409;340
410;340
411;340
412;340
413;340
414;340
415;340
416;340
417;340
418;340
419;340
420;340
421;340
422;340
423;340
424;340
425;340
426;340
427;340
428;341
429;341
430;341
431;341
432;341
433;341
434;341
435;341
436;341
437;342
438;342
439;342
440;342
441;342
442;342
443;342
444;343
445;343
446;343
447;343
448;343
