298;274
299;275
300;275
301;276
302;276
303;277
304;278
305;278
306;279
307;279
308;280
309;281
310;282
311;282
312;283
313;283
314;284
315;285
316;285
317;285
318;286
319;287
320;288
321;289
322;290
323;291
324;291
325;292
326;293
327;293
328;294
329;295
330;295
331;296
332;296
333;297
334;298
335;299
336;300
337;300
338;301
339;302
340;303
341;303
342;304
343;305
344;306
345;306
346;307
347;307
348;308
349;309
350;309
351;309
352;310
353;311
354;312
355;312
356;313
357;314
358;314
359;315
360;315
361;316
362;317
363;317
364;318
365;318
366;319
367;320
368;320
369;321
370;321
371;322
372;322
373;323
374;323
375;323
376;324
377;324
378;325
379;325
380;325
381;325
382;325
383;326
384;326
385;326
386;326
387;326
388;327
389;327
390;327
391;327
392;328
393;328
394;328
395;328
396;328
397;328
399;328
398;329
400;329
401;329
402;329
403;329
404;329
405;329
406;329
407;330
408;330
409;330
410;330
411;331
412;331
413;331
414;332
415;332
416;332
417;333
418;333
419;334
420;334
421;335
422;336
423;336
424;336
425;337
