306;252
307;253
308;253
309;254
310;255
311;256
312;257
313;257
314;258
315;259
316;259
317;260
318;261
319;261
320;262
321;263
322;264
323;265
324;265
325;266
326;267
327;268
328;269
329;269
330;270
331;271
332;271
333;272
334;273
335;273
336;274
337;275
338;275
339;276
340;277
341;278
342;279
343;280
344;280
345;281
346;281
347;282
348;283
349;283
350;284
351;285
352;286
353;287
354;287
355;287
356;288
357;289
358;290
359;291
360;291
361;291
362;292
363;293
364;294
365;294
366;295
367;295
368;296
369;296
370;297
371;298
372;298
373;298
374;299
375;300
376;300
377;300
378;301
379;302
380;302
381;302
382;303
383;303
384;303
385;304
386;304
387;305
388;305
389;305
390;305
391;306
392;306
393;306
394;307
395;307
396;307
397;307
398;307
399;307
400;307
401;307
402;307
403;307
404;308
405;308
406;308
407;308
408;309
409;309
410;309
411;309
412;309
413;309
414;309
415;310
416;310
417;310
418;311
419;311
420;312
421;312
422;312
423;313
424;313
425;314
426;314
427;315
428;315
429;316
430;316
431;317
432;317
