189.5;266.5
187.55;267.5
185.92;269.25
183.67;269.5
181.3;269.48
179.41;270.61
177.74;272.25
176.06;273.9
174.37;275.52
172.45;276.56
170.78;278.22
169.11;279.89
167.44;281.56
165.78;283.23
164.15;284.99
162.13;285.79
160.03;286.42
158.15;287.57
155.77;287.52
153.7;288.4
151.89;287.44
149.52;287.5
147.16;287.5
144.8;287.5
142.44;287.5
140.08;287.5
137.71;287.54
136.04;285.88
133.84;285.51
131.49;285.49
129.82;283.83
128.04;282.44
125.86;282.0
124.14;280.45
121.8;280.4
119.78;279.53
118.02;278.01
116.45;276.03
115.01;273.79
113.61;271.51
112.19;269.38
110.62;267.6
109.47;265.72
108.64;263.7
108.5;261.4
108.5;259.05
108.5;256.69
108.48;254.32
109.52;252.4
110.51;250.45
111.5;248.5
