251.5;368.5
250.74;370.79
250.26;372.1
249.14999999999998;374.86
248.5;376.51
249.07;378.79
249.5;380.59
249.5;383.25
249.5;385.19
248.90999999999997;387.09000000000003
247.73000000000002;389.03
247.5;390.94
247.39999999999998;392.8
246.54000000000002;395.38
245.51;396.98
244.47000000000003;398.6
243.61;401.15999999999997
243.5;403.01
243.70999999999998;404.93
244.5;406.8
244.5;409.44
244.5;411.61
244.20999999999998;413.09000000000003
242.87;415.76
242.5;417.19
242.5;419.51
241.7;421.9
241.14999999999998;423.54
240.5;425.56
240.5;428.2
240.5;430.12
240.5;431.96
240.5;434.49
239.51999999999998;436.47
239.5;438.71000000000004
239.5;440.49
239.47000000000003;442.58000000000004
238.62;445.14
238.5;446.97
238.39;448.81999999999994
237.54000000000002;451.39
237.5;453.45000000000005
237.5;455.23
237.5;457.51
236.92000000000002;459.83000000000004
236.5;461.6
236.5;464.27
235.97000000000003;466.1
235.5;467.86
235.5;470.47
235.5;472.69000000000005
234.99;474.52
234.5;476.36
234.5;478.54999999999995
234.5;481.18000000000006
234.18;482.77
233.52999999999997;485.39
233.5;487.37
233.5;489.15999999999997
233.5;491.51
232.5;493.5
