260.5;409.5
262.37;411.81
263.5;414.65
263.5;417.52
263.5;421.11
262.5;423.31
262.5;426.49
262.5;429.49
262.5;432.5
261.15999999999997;435.18000000000006
260.5;438.38
260.23;441.03999999999996
259.5;444.28
258.5;446.72
258.5;450.15999999999997
257.5;452.62
257.5;456.02
257.45;458.64
256.5;461.64
256.5;465.03999999999996
255.5;467.55999999999995
255.5;470.89
255.5;473.64
254.5;476.5
254.5;479.54999999999995
254.5;482.51
253.5;485.5
253.5;488.58000000000004
253.49;491.52
252.5;494.40999999999997
252.5;497.5
