125.5;295.5
125.5;298.81
125.5;301.73
124.68;305.14
123.18;307.46
121.68;310.32
119.98000000000002;313.06
118.23000000000002;315.77
116.51999999999998;318.46
114.91;321.09000000000003
113.5;323.76
112.5;326.46
110.75999999999999;329.24
110.34;331.82
109.5;335.23
109.75999999999999;338.03
110.5;341.4
110.5;344.40999999999997
111.63;346.72
113.75999999999999;350.27
115.19999999999999;352.2
117.61000000000001;354.61
120.16;357.15999999999997
122.13;359.13
124.92000000000002;361.21
127.55000000000001;362.5
130.86;363.18
133.68;363.5
137.26999999999998;363.5
140.19;363.5
143.5;363.5
