157.5;286.5
155.29000000000002;288.71
153.53;290.47
151.17000000000002;292.15999999999997
148.97;294.03
146.61;295.45
144.42000000000002;296.54
141.86;297.82
139.5;299.5
137.13;301.19
134.57;302.46
132.39;303.55
130.03;304.97
128.04000000000002;306.96
125.70999999999998;308.5
123.23000000000002;309.77
120.82999999999998;311.33
118.73000000000002;313.27
117.32999999999998;314.84000000000003
115.69;318.11
114.31;319.69
112.5;321.84000000000003
111.88;324.43
110.5;326.86
109.84;329.81
108.19999999999999;331.8
107.5;334.49
107.5;337.1
107.97999999999999;339.94
108.5;342.78
108.5;345.5
