223.5;322.5
220.45999999999998;324.02
217.86;325.32
215.45;326.52
212.63;327.93
210.07;329.93
207.87;332.13
205.7;334.3
203.32999999999998;334.67
201.01;336.74
197.97000000000003;338.27
195.49;339.51
193.38;341.56
190.45999999999998;343.02
187.57999999999998;344.46
185.31;345.69
182.95999999999998;347.77
179.73000000000002;348.5
177.52999999999997;350.47
175.5;352.5
172.86;353.14
170.63;355.37
168.39;357.61
165.76;359.37
163.43;360.57
161.31;362.69
159.15;364.85
156.69;366.90999999999997
154.11;368.89
151.9;371.1
149.5;372.5
