266.5;420.5
266.23;421.56
265.56;424.26
264.67;427.84000000000003
263.74;431.54
262.97;434.64
262.54;436.36
261.65;438.19000000000005
261.5;440.5
260.5;442.83000000000004
260.5;445.46000000000004
260.5;447.73
260.5;450.53
259.69;453.12
259.5;455.5
258.59000000000003;458.22
257.53;460.44000000000005
256.52;462.52
257.5;464.95000000000005
257.5;467.49
257.5;469.81999999999994
257.5;472.65
257.5;475.38
257.45;477.6
256.5;480.0
256.5;482.87
255.57999999999998;485.34000000000003
255.5;487.55999999999995
255.5;490.21000000000004
255.5;493.06999999999994
255.5;495.5
