258.5;308.5
254.82999999999998;308.5
252.07;308.5
248.51999999999998;308.5
245.39999999999998;309.05
242.70999999999998;311.29
240.25;312.62
236.94;314.28
234.52999999999997;316.47
231.84000000000003;317.15999999999997
229.35000000000002;319.65
226.5;320.5
224.34000000000003;322.65999999999997
221.7;324.9
218.55;326.48
215.70999999999998;327.5
212.51;328.5
210.14;330.05
208.02999999999997;332.97
205.39;334.56
202.52999999999997;336.47
200.05;338.95
197.38;339.56
194.14;341.18
191.45;342.53
188.29000000000002;344.11
185.49;345.51
182.25;346.5
179.59000000000003;348.40999999999997
176.74;348.88
173.5;349.5
