355.5;174.5
362.36;162.93
372.83;161.91
391.65999999999997;160.82999999999998
397.5;156.4
398.47;143.57
411.01;139.62
412.5;127.43
417.29;114.82
420.76;102.97999999999999
428.43;92.53999999999999
429.5;80.18
430.42;83.78999999999999
434.69000000000005;95.69
436.55999999999995;107.38
433.78;117.36000000000001
423.36;129.76
413.8;141.15
419.84000000000003;149.5
428.5;158.1
419.44;164.5
410.5;172.54000000000002
407.5;184.97000000000003
404.51;196.46000000000004
408.11;185.02999999999997
413.75;167.07999999999998
414.5;157.53
414.95;149.22
398.8;141.15
394.0;132.51
392.5;119.5
