194.5;355.5
198.43;355.5
201.76;353.87
204.74;352.26
208.06;349.72
211.17000000000002;348.83
214.45999999999998;346.52
217.42000000000002;344.58
220.5;342.5
224.09000000000003;340.7
226.56;338.44
229.85000000000002;336.5
232.54000000000002;334.48
236.23000000000002;332.63
239.37;331.06
242.7;330.3
246.19;328.5
248.76;326.5
252.26;324.74
255.25;323.12
258.58;321.5
262.09000000000003;319.90999999999997
265.28;319.11
268.59000000000003;317.5
272.45;316.52
275.11;314.5
278.58;313.46
282.31;311.6
285.18;309.82
288.13;306.87
288.5;303.5
