132.5;345.5
130.99;344.49
129.5;343.5
127.68;342.59000000000003
126.13;343.18
124.69;343.9
123.45999999999998;344.49
122.75;344.39
121.30000000000001;344.17
119.29000000000002;343.87
116.88;343.51
114.25999999999999;343.11
111.57999999999998;342.71
109.03;342.33
106.78;341.99
104.99000000000001;341.72
103.84;341.55
103.44;341.53
101.54000000000002;342.48
99.69;342.5
97.88999999999999;342.5
96.13999999999999;342.5
94.42000000000002;342.5
92.69999999999999;342.5
91.06;342.72
89.41;343.5
87.5;343.5
86.03;344.97
84.85;345.82
83.31;346.59000000000003
81.5;347.5
