160.5;379.5
164.32;379.5
167.87;379.5
171.32999999999998;379.5
174.82;379.5
178.52999999999997;379.5
182.42000000000002;379.5
186.06;379.5
188.67000000000002;379.47
191.52999999999997;378.96
196.48000000000002;378.09000000000003
201.60000000000002;377.19
205.01999999999998;376.58
207.48000000000002;376.5
210.92000000000002;375.5
214.04000000000002;374.5
217.51;373.5
221.20999999999998;372.65
224.27999999999997;371.5
227.54000000000002;370.46
230.57;368.5
233.48000000000002;366.52
237.15999999999997;366.5
239.57999999999998;364.46
243.17000000000002;362.65999999999997
245.56;360.47
248.70999999999998;358.29
251.51999999999998;356.48
254.32;354.09000000000003
257.68;353.5
261.5;353.5
