138.5;360.5
136.64;362.8
134.37;364.5
131.51;365.49
129.01;364.26
125.76999999999998;363.5
123.37;362.43
120.25;361.5
117.44;361.47
114.44;360.5
111.51999999999998;359.51
108.63999999999999;359.5
105.94999999999999;357.95
103.44999999999999;357.5
100.34;356.92
97.5;356.5
94.34;356.5
91.45999999999998;356.5
88.18;356.5
85.42000000000002;356.54
82.37;357.5
79.50999999999999;358.49
76.96000000000001;360.4
76.30000000000001;362.3
76.94;364.94
76.07;364.07
73.53999999999999;361.54
70.99000000000001;361.75
67.75999999999999;362.5
65.53999999999999;364.46
63.5;366.5
