160.5;361.5
157.51;361.5
155.04000000000002;360.5
151.95;359.73
149.44;359.47
146.6;358.5
143.53;358.5
140.93;358.21
137.84;357.5
135.62;355.62
133.18;355.5
130.09;354.79
127.50999999999999;353.51
124.76999999999998;353.5
121.74000000000001;352.62
119.25;352.5
115.97;352.5
113.4;352.45
110.67000000000002;351.09000000000003
107.81;349.65
105.35;349.43
102.57;348.96
99.57999999999998;349.5
97.28999999999999;350.6
94.28999999999999;351.5
91.49000000000001;351.5
88.50999999999999;351.5
85.61000000000001;352.45
83.13;352.31
80.25;350.87
77.5;350.5
