115.5;363.5
118.97999999999999;366.98
123.43;367.5
127.59;366.5
132.45;366.5
134.87;366.55
139.7;366.73
146.4;366.98
153.25;367.23
158.52;367.43
160.57999999999998;367.5
165.43;367.5
170.35;367.5
174.69;367.5
177.26;366.90999999999997
180.73000000000002;364.23
185.87;360.26
191.39;356.0
195.99;352.44
198.39;350.58
197.5;347.46
196.82;342.82
194.77999999999997;342.88
196.99;345.87
200.63;350.8
204.8;356.43
208.57;361.53
211.02999999999997;364.86
213.48000000000002;365.5
217.63;364.43
221.5;361.5
