159.5;354.5
157.29000000000002;352.84000000000003
155.42000000000002;351.42
153.45999999999998;349.48
151.11;348.31
148.4;347.5
145.59;347.5
143.32;347.59000000000003
140.72;348.5
137.98000000000002;349.26
135.5;349.5
133.29000000000002;348.5
130.56;348.03
128.0;346.75
125.59;345.55
123.48000000000002;344.49
121.09;343.5
118.12;343.5
115.50999999999999;343.5
113.06;343.5
110.1;343.5
107.5;343.5
105.34;344.58
102.88999999999999;345.81
100.12;346.5
97.50999999999999;346.5
95.06;346.5
92.28;347.11
89.61000000000001;347.5
87.47999999999999;348.52
85.5;350.5
