138.5;361.5
136.32999999999998;363.12
134.4;364.5
131.63;364.5
128.95;365.28
126.5;365.5
124.26999999999998;365.27
122.32999999999998;363.40999999999997
119.91;362.21
117.38;360.94
114.88;359.69
112.5;359.5
110.09;359.3
107.59;358.05
104.87;357.5
102.51999999999998;358.49
100.43;359.54
97.99000000000001;360.5
95.25999999999999;359.88
92.78999999999999;358.65
90.52000000000001;357.51
88.24000000000001;357.63
85.63999999999999;358.5
82.77000000000001;358.5
80.5;359.5
78.34;360.5
75.52000000000001;360.5
72.87;361.32
70.88999999999999;363.11
68.67000000000002;364.40999999999997
66.5;365.5
