397.5;80.5
401.29;80.5
404.43;81.5
407.61;82.44999999999999
410.77;80.23000000000002
413.54;78.48000000000002
417.06;76.72
420.04;75.5
423.58;75.45999999999998
427.32;74.5
430.83;74.5
434.11;74.19
437.54999999999995;73.5
441.43000000000006;73.5
444.83000000000004;72.84
447.79999999999995;71.5
451.47;70.50999999999999
455.12;70.5
458.54999999999995;70.5
461.70000000000005;69.5
465.5;69.5
469.28;69.5
472.58000000000004;68.95999999999998
475.68000000000006;68.38
478.5;66.16
478.48;62.47999999999999
477.5;59.379999999999995
477.76;58.370000000000005
479.12;62.879999999999995
480.36;67.04000000000002
482.5;68.5
