373.5;86.5
377.43;86.5
379.15;86.07
383.48;84.93
388.88;83.50999999999999
393.71;82.23000000000002
396.37;81.53
399.23;81.5
402.86;81.32
406.21;78.79000000000002
409.65;78.5
412.96;78.04000000000002
416.46;76.5
420.12;75.69
423.73;75.5
427.26;75.12
430.79;74.5
434.58000000000004;74.45999999999998
438.45000000000005;73.5
442.01;72.5
445.35;71.5
449.03999999999996;71.5
452.56999999999994;70.5
456.5;70.5
460.44000000000005;70.5
464.06999999999994;69.70999999999998
467.66999999999996;69.5
471.34000000000003;69.5
474.94000000000005;69.28
478.56999999999994;68.5
482.5;68.5
