262.5;284.5
262.5;286.44
262.5;288.28
262.5;290.04
263.04;291.58
263.83;292.83
265.44;294.44
266.58;295.58
267.72;296.61
269.5;297.5
270.90999999999997;298.90999999999997
272.05;299.78
273.58;300.58
275.19;302.19
276.15999999999997;303.15999999999997
277.5;304.5
279.34000000000003;305.42
280.88;306.19
282.3;306.9
283.78;307.64
285.51;308.5
287.36;309.43
288.90999999999997;310.21
290.33;310.92
291.7;311.7
293.34000000000003;313.34000000000003
294.48;314.48
295.6;315.6
296.94;316.94
298.32;318.32
299.5;319.5
