396.5;81.5
400.22;80.63999999999999
403.40999999999997;79.5
406.72;78.5
410.52;78.49000000000001
414.09000000000003;76.69999999999999
417.42;76.04000000000002
420.85;75.5
424.56;75.47
428.38;74.5
432.08000000000004;74.5
435.31999999999994;73.5
438.65999999999997;72.5
442.51;72.5
446.41999999999996;72.5
449.85;71.5
453.06999999999994;70.5
456.71000000000004;70.29000000000002
458.5;67.07999999999998
458.26;63.78999999999999
457.5;59.77000000000001
457.59000000000003;57.84
458.55999999999995;61.72999999999999
459.85;66.91
460.5;69.5
464.38;69.5
468.08000000000004;69.5
471.66999999999996;69.5
475.24;69.5
478.62;68.5
482.5;68.5
