167.5;369.5
170.41;369.5
173.37;370.43
175.92000000000002;370.5
179.23000000000002;370.5
180.05;370.48
181.94;370.42
184.90999999999997;370.33
188.64999999999998;370.21
192.87;370.08
197.26999999999998;369.94
201.55;369.81
205.40999999999997;369.69
208.55;369.59000000000003
210.68;369.53
211.5;369.5
214.25;369.5
217.43;369.5
219.98000000000002;369.26
223.10000000000002;368.5
225.64;368.43
228.61;367.5
231.5;367.5
234.09000000000003;366.5
237.16999999999996;365.65999999999997
239.68;365.5
242.76;364.87
245.10000000000002;362.9
246.76999999999998;360.59000000000003
248.5;358.5
248.5;355.5
