238.5;270.5
238.97000000000003;271.01
236.55;272.51
238.64;272.90999999999997
242.89999999999998;273.72
248.10000000000002;274.71
253.06;275.65
256.56;276.32
258.17;277.17
259.5;280.49
261.23;283.69
263.38;286.38
264.51;289.52
265.59000000000003;292.77
266.5;296.53
267.42;300.27
268.5;303.24
268.5;306.63
268.5;310.5
266.5;313.5
263.94;316.06
261.17;318.83
258.68;321.32
255.49;321.5
251.63;321.5
248.42000000000002;322.5
244.99;322.5
241.47000000000003;322.5
237.51;323.07
234.29000000000002;323.5
230.5;323.5
