200.5;333.5
204.38;333.5
208.09000000000003;333.5
210.63;333.5
212.64999999999998;333.43
216.56;333.29
221.64;333.12
227.15999999999997;332.93
232.40999999999997;332.74
236.64;332.6
239.13;332.51
241.07;331.93
243.94;330.06
246.69;328.31
249.19;325.11
250.5;322.01
252.35000000000002;318.65
252.5;315.42
251.36;312.22
250.5;308.5
249.57999999999998;305.11
248.5;301.55
246.76;298.28
246.38;295.27
244.5;291.51
242.61;288.85
239.81;284.93
237.62;282.62
234.57999999999998;281.04
231.15999999999997;280.5
227.5;281.5
