194.5;307.5
196.95999999999998;307.5
199.85000000000002;307.5
202.47000000000003;307.5
204.79000000000002;307.5
207.64999999999998;307.5
210.39;307.5
212.63;307.44
215.10000000000002;306.5
217.43;305.57
219.70999999999998;304.5
222.42000000000002;304.5
224.69;304.5
227.34000000000003;304.08
229.85000000000002;302.82
232.43;302.5
234.7;302.5
237.51;302.5
240.32;302.5
242.5;301.5
244.98000000000002;301.5
247.87;301.5
250.48000000000002;301.5
252.81;301.5
255.67000000000002;301.5
258.4;301.5
260.35;299.65
262.49;298.5
264.61;297.39
265.8;295.29
266.5;292.5
